timestamp,location,serial,power,cadence,front,rear
2023-04-28T18:17:30.252957,wheel,19005,179.0,88.0,40,5
2023-04-28T18:17:31.186085,crank,52853,198.9,92.0,40,5
2023-04-28T18:17:31.685463,crank,52853,209.6,93.1,40,5
2023-04-28T18:17:31.751008,wheel,19005,188.0,90.0,40,5
2023-04-28T18:17:32.250392,wheel,19005,171.8,89.0,40,5
2023-04-28T18:17:32.434425,crank,52853,184.4,91.8,40,5
2023-04-28T18:17:32.684228,crank,52853,182.7,91.4,40,5
2023-04-28T18:17:32.749787,wheel,19005,165.2,89.0,40,5
2023-04-28T18:17:33.498982,wheel,19005,177.6,89.0,40,5
2023-04-28T18:17:33.932736,crank,52853,208.3,91.7,40,5
2023-04-28T18:17:34.247836,wheel,19005,188.2,89.0,40,5
2023-04-28T18:17:34.747429,wheel,19005,175.0,89.0,40,5
2023-04-28T18:17:35.181295,crank,52853,188.3,91.0,40,5
2023-04-28T18:17:35.246554,wheel,19005,177.3,89.0,40,5
2023-04-28T18:17:35.929887,crank,52853,185.1,91.0,40,5
2023-04-28T18:17:35.995498,wheel,19005,173.2,88.0,40,5
2023-04-28T18:17:36.747628,wheel,19005,182.6,88.0,40,5
2023-04-28T18:17:37.178723,crank,52853,210.8,92.4,40,5
2023-04-28T18:17:37.243952,wheel,19005,212.2,88.0,40,5
2023-04-28T18:17:37.743246,wheel,19005,205.0,89.0,40,5
2023-04-28T18:17:37.927484,crank,52853,200.3,93.4,40,5
2023-04-28T18:17:38.243465,wheel,19005,180.0,89.0,40,5
2023-04-28T18:17:38.676553,crank,52853,204.1,91.8,40,5
2023-04-28T18:17:39.241636,wheel,19005,184.2,90.0,40,5
2023-04-28T18:17:39.425828,crank,52853,222.2,93.8,40,5
2023-04-28T18:17:39.740968,wheel,19005,198.1,90.0,40,5
2023-04-28T18:17:40.174950,crank,52853,216.4,92.9,40,5
2023-04-28T18:17:40.240353,wheel,19005,192.0,90.0,40,5
2023-04-28T18:17:40.424586,crank,52853,210.8,92.8,40,5
2023-04-28T18:17:40.739715,wheel,19005,186.5,90.0,40,5
2023-04-28T18:17:41.173688,crank,52853,186.6,92.9,40,5
2023-04-28T18:17:41.672868,crank,52853,170.8,91.7,40,5
2023-04-28T18:17:41.738511,wheel,19005,167.6,90.0,40,5
2023-04-28T18:17:42.237917,wheel,19005,164.1,90.0,40,5
2023-04-28T18:17:42.422163,crank,52853,177.4,91.0,40,5
2023-04-28T18:17:42.986804,wheel,19005,170.8,89.0,40,5
2023-04-28T18:17:43.171273,crank,52853,190.6,91.0,40,5
2023-04-28T18:17:43.236474,wheel,19005,175.1,89.0,40,5
2023-04-28T18:17:43.920399,crank,52853,195.5,91.6,40,5
2023-04-28T18:17:44.235087,wheel,19005,180.4,88.0,40,5
2023-04-28T18:17:44.669345,crank,52853,203.7,90.1,40,5
2023-04-28T18:17:44.734512,wheel,19005,189.2,89.0,40,5
2023-04-28T18:17:45.418290,crank,52853,215.4,92.5,40,5
2023-04-28T18:17:45.668343,crank,52853,187.2,92.0,40,5
2023-04-28T18:17:45.983250,wheel,19005,191.7,88.0,40,5
2023-04-28T18:17:46.232781,wheel,19005,178.5,88.0,40,5
2023-04-28T18:17:46.417090,crank,52853,181.6,90.8,40,5
2023-04-28T18:17:46.916685,crank,52853,190.6,91.0,40,5
2023-04-28T18:17:47.231451,wheel,19005,172.5,89.0,40,5
2023-04-28T18:17:47.665958,crank,52853,182.4,90.5,40,5
2023-04-28T18:17:47.730869,wheel,19005,177.1,88.0,40,5
2023-04-28T18:17:48.230188,wheel,19005,176.5,88.0,40,5
2023-04-28T18:17:48.664520,crank,52853,182.0,91.0,40,5
2023-04-28T18:17:48.729637,wheel,19005,176.1,88.0,40,5
2023-04-28T18:17:49.413729,crank,52853,188.8,90.2,40,5
2023-04-28T18:17:49.728500,wheel,19005,176.5,88.0,40,5
2023-04-28T18:17:50.162481,crank,52853,188.8,90.5,40,5
2023-04-28T18:17:50.227791,wheel,19005,177.0,88.0,40,5
2023-04-28T18:17:50.412657,crank,52853,180.8,89.7,40,5
2023-04-28T18:17:50.727277,wheel,19005,177.1,87.0,40,5
2023-04-28T18:17:51.226462,wheel,19005,176.0,87.0,40,5
2023-04-28T18:17:51.660814,crank,52853,185.4,89.6,40,5
2023-04-28T18:17:52.410124,crank,52853,190.8,89.4,40,5
2023-04-28T18:17:52.474905,wheel,19005,175.4,87.0,40,5
2023-04-28T18:17:52.724523,wheel,19005,174.9,87.0,40,5
2023-04-28T18:17:53.223840,wheel,19005,175.2,87.0,40,5
2023-04-28T18:17:53.408874,crank,52853,190.1,89.5,40,5
2023-04-28T18:17:53.723350,wheel,19005,174.8,87.0,40,5
2023-04-28T18:17:53.907930,crank,52853,189.2,89.5,40,5
2023-04-28T18:17:54.657208,crank,52853,186.3,89.4,40,5
2023-04-28T18:17:54.722088,wheel,19005,175.8,87.0,40,5
2023-04-28T18:17:55.221456,wheel,19005,176.4,87.0,40,5
2023-04-28T18:17:55.406312,crank,52853,188.6,90.5,40,5
2023-04-28T18:17:55.720897,wheel,19005,188.1,87.0,40,5
2023-04-28T18:17:56.155584,crank,52853,211.7,90.5,40,5
2023-04-28T18:17:56.220200,wheel,19005,201.3,87.0,40,5
2023-04-28T18:17:56.405059,crank,52853,223.8,92.2,40,5
2023-04-28T18:17:57.154393,crank,52853,208.5,92.6,40,5
2023-04-28T18:17:57.219139,wheel,19005,198.1,89.0,40,5
2023-04-28T18:17:57.653325,crank,52853,196.4,92.0,40,5
2023-04-28T18:17:57.718459,wheel,19005,184.0,89.0,40,5
2023-04-28T18:17:58.217968,wheel,19005,183.2,89.0,40,5
2023-04-28T18:17:58.652112,crank,52853,191.1,92.1,40,5
2023-04-28T18:17:58.717269,wheel,19005,182.2,89.0,40,5
2023-04-28T18:17:59.151815,crank,52853,182.3,91.6,40,5
2023-04-28T18:17:59.715801,wheel,19005,181.4,89.0,40,5
2023-04-28T18:17:59.900792,crank,52853,183.8,90.8,40,5
2023-04-28T18:18:00.150363,crank,52853,202.3,91.8,40,5
2023-04-28T18:18:00.215237,wheel,19005,180.9,89.0,40,5
2023-04-28T18:18:00.714569,wheel,19005,182.7,89.0,40,5
2023-04-28T18:18:00.899506,crank,52853,207.2,91.6,40,5
2023-04-28T18:18:01.213976,wheel,19005,183.8,88.0,40,5
2023-04-28T18:18:02.148055,crank,52853,208.6,93.4,40,5
2023-04-28T18:18:02.212793,wheel,19005,186.2,90.0,40,5
2023-04-28T18:18:02.712073,wheel,19005,188.4,90.0,40,5
2023-04-28T18:18:03.211515,wheel,19005,189.0,91.0,40,5
2023-04-28T18:18:03.646424,crank,52853,201.4,94.2,40,5
2023-04-28T18:18:03.710843,wheel,19005,188.6,91.0,40,5
2023-04-28T18:18:04.395068,crank,52853,200.9,93.3,40,5
2023-04-28T18:18:04.645079,crank,52853,196.5,93.4,40,5
2023-04-28T18:18:04.709660,wheel,19005,187.5,91.0,40,5
2023-04-28T18:18:05.209081,wheel,19005,185.9,91.0,40,5
2023-04-28T18:18:05.643783,crank,52853,189.8,92.8,40,5
2023-04-28T18:18:05.708584,wheel,19005,185.6,91.0,40,5
2023-04-28T18:18:06.142964,crank,52853,201.2,92.6,40,5
2023-04-28T18:18:06.207738,wheel,19005,185.0,89.0,40,5
2023-04-28T18:18:06.892273,crank,52853,214.0,93.0,40,5
2023-04-28T18:18:07.206398,wheel,19005,185.8,90.0,40,5
2023-04-28T18:18:07.641232,crank,52853,213.3,93.9,40,5
2023-04-28T18:18:07.891025,crank,52853,215.1,94.3,40,5
2023-04-28T18:18:07.955650,wheel,19005,187.4,90.0,40,5
2023-04-28T18:18:08.205164,wheel,19005,189.2,91.0,40,5
2023-04-28T18:18:08.640117,crank,52853,210.9,94.1,40,5
2023-04-28T18:18:08.704530,wheel,19005,189.9,91.0,40,5
2023-04-28T18:18:09.139545,crank,52853,200.1,95.1,40,5
2023-04-28T18:18:09.703356,wheel,19005,190.1,92.0,40,5
2023-04-28T18:18:09.888372,crank,52853,201.1,93.4,40,5
2023-04-28T18:18:10.452589,wheel,19005,190.1,92.0,40,5
2023-04-28T18:18:10.702110,wheel,19005,190.0,92.0,40,5
2023-04-28T18:18:10.887127,crank,52853,211.0,95.0,40,5
2023-04-28T18:18:11.201763,wheel,19005,190.1,91.0,40,5
2023-04-28T18:18:11.636237,crank,52853,208.3,93.7,40,5
2023-04-28T18:18:12.135821,crank,52853,204.3,94.9,40,5
2023-04-28T18:18:12.200378,wheel,19005,189.8,92.0,40,5
2023-04-28T18:18:12.385557,crank,52853,198.8,94.0,40,5
2023-04-28T18:18:12.699736,wheel,19005,189.9,92.0,40,5
2023-04-28T18:18:13.199175,wheel,19005,190.1,92.0,40,5
2023-04-28T18:18:13.633750,crank,52853,201.6,94.3,40,5
2023-04-28T18:18:13.698363,wheel,19005,189.9,92.0,40,5
2023-04-28T18:18:14.383101,crank,52853,210.7,94.8,40,5
2023-04-28T18:18:14.697032,wheel,19005,190.0,92.0,40,5
2023-04-28T18:18:15.132214,crank,52853,210.0,94.1,40,5
2023-04-28T18:18:15.196547,wheel,19005,190.1,92.0,40,5
2023-04-28T18:18:15.695802,wheel,19005,190.7,92.0,40,5
2023-04-28T18:18:15.881294,crank,52853,216.1,95.5,40,5
2023-04-28T18:18:16.130980,crank,52853,234.7,95.1,40,5
2023-04-28T18:18:16.880051,crank,52853,226.3,96.3,40,5
2023-04-28T18:18:17.379149,crank,52853,175.4,96.2,40,5
2023-04-28T18:18:17.693562,wheel,19005,215.6,93.0,40,5
2023-04-28T18:18:18.128136,crank,52853,147.4,96.5,40,5
2023-04-28T18:18:18.192733,wheel,19005,201.9,93.0,40,5
2023-04-28T18:18:18.692334,wheel,19005,196.9,93.0,40,5
2023-04-28T18:18:18.877342,crank,52853,161.8,94.4,40,5
2023-04-28T18:18:19.191477,wheel,19005,194.7,93.0,40,5
2023-04-28T18:18:19.626341,crank,52853,193.3,94.5,40,5
2023-04-28T18:18:20.190290,wheel,19005,184.7,92.0,40,5
2023-04-28T18:18:20.375499,crank,52853,195.4,93.7,40,5
2023-04-28T18:18:20.624837,crank,52853,201.4,93.9,40,5
2023-04-28T18:18:20.689722,wheel,19005,181.3,92.0,40,5
2023-04-28T18:18:21.188936,wheel,19005,185.8,92.0,40,5
2023-04-28T18:18:21.623668,crank,52853,213.8,94.2,40,5
2023-04-28T18:18:21.688432,wheel,19005,188.9,90.0,40,5
2023-04-28T18:18:22.122833,crank,52853,206.6,94.7,40,5
2023-04-28T18:18:22.687041,wheel,19005,190.3,92.0,40,5
2023-04-28T18:18:22.871692,crank,52853,211.4,94.7,40,5
2023-04-28T18:18:23.121659,crank,52853,220.9,95.6,40,5
2023-04-28T18:18:23.186382,wheel,19005,191.9,92.0,40,5
2023-04-28T18:18:23.935480,wheel,19005,193.2,92.0,40,5
2023-04-28T18:18:24.185348,wheel,19005,193.8,92.0,40,5
2023-04-28T18:18:24.369955,crank,52853,206.6,95.5,40,5
2023-04-28T18:18:25.118981,crank,52853,205.1,94.8,40,5
2023-04-28T18:18:25.184147,wheel,19005,192.4,93.0,40,5
2023-04-28T18:18:25.683417,wheel,19005,184.7,92.0,40,5
2023-04-28T18:18:25.868256,crank,52853,193.9,94.8,40,5
2023-04-28T18:18:26.432477,wheel,19005,182.0,92.0,40,5
2023-04-28T18:18:26.616683,crank,52853,189.0,94.5,40,5
2023-04-28T18:18:26.682176,wheel,19005,184.0,91.0,40,5
2023-04-28T18:18:26.866787,crank,52853,195.5,93.8,40,5
2023-04-28T18:18:27.680854,wheel,19005,186.7,91.0,40,5
2023-04-28T18:18:28.114816,crank,52853,194.9,93.5,40,5
2023-04-28T18:18:28.180467,wheel,19005,186.7,91.0,40,5
2023-04-28T18:18:28.364304,crank,52853,194.6,93.4,40,5
2023-04-28T18:18:28.679532,wheel,19005,187.3,91.0,40,5
2023-04-28T18:18:28.863908,crank,52853,201.8,92.9,40,5
2023-04-28T18:18:29.178997,wheel,19005,187.6,91.0,40,5
2023-04-28T18:18:29.862562,crank,52853,217.7,94.2,40,5
2023-04-28T18:18:30.177768,wheel,19005,199.3,91.0,40,5
2023-04-28T18:18:30.361639,crank,52853,224.6,94.8,40,5
2023-04-28T18:18:30.677137,wheel,19005,204.0,92.0,40,5
2023-04-28T18:18:31.110673,crank,52853,210.4,95.1,40,5
2023-04-28T18:18:31.176628,wheel,19005,197.6,92.0,40,5
2023-04-28T18:18:31.360507,crank,52853,199.2,94.7,40,5
2023-04-28T18:18:31.676076,wheel,19005,194.2,91.0,40,5
2023-04-28T18:18:32.109299,crank,52853,196.6,94.3,40,5
2023-04-28T18:18:32.608866,crank,52853,194.6,94.2,40,5
2023-04-28T18:18:32.674881,wheel,19005,192.1,92.0,40,5
2023-04-28T18:18:33.173997,wheel,19005,190.0,92.0,40,5
2023-04-28T18:18:33.358013,crank,52853,198.0,94.1,40,5
2023-04-28T18:18:34.106687,crank,52853,194.3,93.7,40,5
2023-04-28T18:18:34.172683,wheel,19005,188.6,91.0,40,5
2023-04-28T18:18:34.672156,wheel,19005,189.8,91.0,40,5
2023-04-28T18:18:34.855650,crank,52853,200.0,92.9,40,5
2023-04-28T18:18:35.604848,crank,52853,206.3,94.1,40,5
2023-04-28T18:18:35.670970,wheel,19005,192.3,91.0,40,5
2023-04-28T18:18:35.854277,crank,52853,202.6,93.2,40,5
2023-04-28T18:18:36.170263,wheel,19005,189.9,91.0,40,5
2023-04-28T18:18:36.603438,crank,52853,204.0,93.9,40,5
2023-04-28T18:18:36.669706,wheel,19005,189.3,90.0,40,5
2023-04-28T18:18:37.169157,wheel,19005,188.4,90.0,40,5
2023-04-28T18:18:37.352369,crank,52853,205.4,94.5,40,5
2023-04-28T18:18:38.101339,crank,52853,209.8,93.6,40,5
2023-04-28T18:18:38.167846,wheel,19005,189.1,91.0,40,5
2023-04-28T18:18:38.667257,wheel,19005,189.8,91.0,40,5
2023-04-28T18:18:38.850722,crank,52853,198.9,94.5,40,5
2023-04-28T18:18:39.100114,crank,52853,190.6,94.1,40,5
2023-04-28T18:18:39.166737,wheel,19005,185.6,91.0,40,5
2023-04-28T18:18:39.666024,wheel,19005,183.1,91.0,40,5
2023-04-28T18:18:40.598132,crank,52853,206.0,93.8,40,5
2023-04-28T18:18:40.664556,wheel,19005,185.7,91.0,40,5
2023-04-28T18:18:41.097421,crank,52853,213.2,95.1,40,5
2023-04-28T18:18:41.164076,wheel,19005,189.6,91.0,40,5
2023-04-28T18:18:41.663302,wheel,19005,189.8,91.0,40,5
2023-04-28T18:18:41.846477,crank,52853,197.1,94.1,40,5
2023-04-28T18:18:42.595527,crank,52853,188.5,93.8,40,5
2023-04-28T18:18:42.844945,crank,52853,196.8,93.5,40,5
2023-04-28T18:18:43.161540,wheel,19005,183.1,91.0,40,5
2023-04-28T18:18:43.594294,crank,52853,195.7,93.0,40,5
2023-04-28T18:18:43.660923,wheel,19005,185.3,91.0,40,5
2023-04-28T18:18:44.160301,wheel,19005,184.5,91.0,40,5
2023-04-28T18:18:44.343100,crank,52853,189.1,92.9,40,5
2023-04-28T18:18:44.842456,crank,52853,188.9,92.8,40,5
2023-04-28T18:18:44.909394,wheel,19005,184.2,90.0,40,5
2023-04-28T18:18:45.658597,wheel,19005,184.7,90.0,40,5
2023-04-28T18:18:45.840990,crank,52853,203.9,92.6,40,5
2023-04-28T18:18:46.157667,wheel,19005,187.4,90.0,40,5
2023-04-28T18:18:46.340415,crank,52853,210.7,93.6,40,5
2023-04-28T18:18:46.657168,wheel,19005,189.3,90.0,40,5
2023-04-28T18:18:47.089495,crank,52853,205.3,93.2,40,5
2023-04-28T18:18:47.338964,crank,52853,208.9,94.5,40,5
2023-04-28T18:18:47.655898,wheel,19005,188.4,91.0,40,5
2023-04-28T18:18:48.088150,crank,52853,210.9,94.1,40,5
2023-04-28T18:18:48.654652,wheel,19005,189.5,91.0,40,5
2023-04-28T18:18:48.837012,crank,52853,202.4,94.0,40,5
2023-04-28T18:18:49.154192,wheel,19005,190.0,91.0,40,5
2023-04-28T18:18:49.586096,crank,52853,189.6,94.4,40,5
2023-04-28T18:18:49.653500,wheel,19005,188.8,91.0,40,5
2023-04-28T18:18:50.085667,crank,52853,187.8,93.2,40,5
2023-04-28T18:18:50.152888,wheel,19005,187.5,91.0,40,5
2023-04-28T18:18:51.084425,crank,52853,196.7,92.6,40,5
2023-04-28T18:18:51.151798,wheel,19005,186.3,91.0,40,5
2023-04-28T18:18:51.583677,crank,52853,195.4,92.9,40,5
2023-04-28T18:18:51.650833,wheel,19005,184.8,91.0,40,5
2023-04-28T18:18:52.083098,crank,52853,193.5,92.4,40,5
2023-04-28T18:18:52.150262,wheel,19005,184.9,89.0,40,5
2023-04-28T18:18:52.582654,crank,52853,200.0,92.9,40,5
2023-04-28T18:18:52.649531,wheel,19005,184.7,89.0,40,5
2023-04-28T18:18:53.331461,crank,52853,205.3,92.8,40,5
2023-04-28T18:18:53.648412,wheel,19005,185.6,90.0,40,5
2023-04-28T18:18:54.080572,crank,52853,214.2,93.1,40,5
2023-04-28T18:18:54.147846,wheel,19005,187.7,90.0,40,5
2023-04-28T18:18:54.647322,wheel,19005,187.8,90.0,40,5
2023-04-28T18:18:55.079339,crank,52853,201.6,93.8,40,5
2023-04-28T18:18:55.146629,wheel,19005,187.6,91.0,40,5
2023-04-28T18:18:55.828638,crank,52853,195.8,92.6,40,5
2023-04-28T18:18:56.145387,wheel,19005,186.9,91.0,40,5
2023-04-28T18:18:56.644797,wheel,19005,186.2,91.0,40,5
2023-04-28T18:18:57.143972,wheel,19005,185.5,89.0,40,5
2023-04-28T18:18:57.326649,crank,52853,199.5,92.8,40,5
2023-04-28T18:18:57.643351,wheel,19005,185.0,89.0,40,5
2023-04-28T18:18:57.825973,crank,52853,200.3,93.4,40,5
2023-04-28T18:18:58.575065,crank,52853,195.9,92.7,40,5
2023-04-28T18:18:58.642230,wheel,19005,184.6,90.0,40,5
2023-04-28T18:18:59.141717,wheel,19005,182.8,90.0,40,5
2023-04-28T18:18:59.324253,crank,52853,198.0,92.4,40,5
2023-04-28T18:18:59.573835,crank,52853,193.7,92.0,40,5
2023-04-28T18:18:59.640893,wheel,19005,181.5,90.0,40,5
2023-04-28T18:19:00.140359,wheel,19005,183.0,90.0,40,5
2023-04-28T18:19:00.323111,crank,52853,203.5,92.8,40,5
2023-04-28T18:19:01.072224,crank,52853,204.1,93.1,40,5
2023-04-28T18:19:01.139114,wheel,19005,188.9,90.0,40,5
2023-04-28T18:19:01.571427,crank,52853,199.4,93.0,40,5
2023-04-28T18:19:01.638336,wheel,19005,190.4,90.0,40,5
2023-04-28T18:19:02.137823,wheel,19005,187.9,89.0,40,5
2023-04-28T18:19:02.320454,crank,52853,207.6,93.4,40,5
2023-04-28T18:19:02.637059,wheel,19005,187.9,89.0,40,5
2023-04-28T18:19:03.069675,crank,52853,212.6,94.0,40,5
2023-04-28T18:19:03.636062,wheel,19005,189.5,91.0,40,5
2023-04-28T18:19:03.818767,crank,52853,218.1,92.8,40,5
2023-04-28T18:19:04.135356,wheel,19005,190.1,91.0,40,5
2023-04-28T18:19:04.567955,crank,52853,214.9,96.3,40,5
2023-04-28T18:19:04.634943,wheel,19005,189.9,91.0,40,5
2023-04-28T18:19:04.817649,crank,52853,190.6,94.1,40,5
2023-04-28T18:19:05.566729,crank,52853,186.7,94.3,40,5
2023-04-28T18:19:06.132719,wheel,19005,188.6,92.0,40,5
2023-04-28T18:19:06.315844,crank,52853,186.4,93.2,40,5
2023-04-28T18:19:06.814998,crank,52853,195.7,93.0,40,5
2023-04-28T18:19:07.813737,crank,52853,205.9,93.5,40,5
2023-04-28T18:19:08.380121,wheel,19005,184.6,91.0,40,5
2023-04-28T18:19:08.563114,crank,52853,209.2,93.5,40,5
2023-04-28T18:19:09.129277,wheel,19005,192.7,91.0,40,5
2023-04-28T18:19:09.312165,crank,52853,202.9,94.2,40,5
2023-04-28T18:19:10.310770,crank,52853,201.7,93.7,40,5
2023-04-28T18:19:10.377543,wheel,19005,191.0,91.0,40,5
2023-04-28T18:19:10.627095,wheel,19005,190.0,91.0,40,5
2023-04-28T18:19:11.060039,crank,52853,205.4,94.1,40,5
2023-04-28T18:19:11.559474,crank,52853,201.8,94.6,40,5
2023-04-28T18:19:11.809029,crank,52853,205.1,94.4,40,5
2023-04-28T18:19:11.875737,wheel,19005,189.6,91.0,40,5
2023-04-28T18:19:12.374995,wheel,19005,188.9,90.0,40,5
2023-04-28T18:19:12.558307,crank,52853,195.7,93.9,40,5
2023-04-28T18:19:12.874533,wheel,19005,189.0,90.0,40,5
2023-04-28T18:19:13.057388,crank,52853,194.8,93.9,40,5
2023-04-28T18:19:13.373642,wheel,19005,189.3,91.0,40,5
2023-04-28T18:19:14.056128,crank,52853,196.4,93.8,40,5
2023-04-28T18:19:14.555693,crank,52853,197.4,93.0,40,5
2023-04-28T18:19:14.871940,wheel,19005,187.8,91.0,40,5
2023-04-28T18:19:15.554369,crank,52853,203.8,93.0,40,5
2023-04-28T18:19:16.054053,crank,52853,201.7,92.8,40,5
2023-04-28T18:19:16.303592,crank,52853,204.1,93.5,40,5
2023-04-28T18:19:16.370177,wheel,19005,186.8,91.0,40,5
2023-04-28T18:19:17.052758,crank,52853,202.6,93.2,40,5
2023-04-28T18:19:17.618421,wheel,19005,185.9,90.0,40,5
2023-04-28T18:19:17.801653,crank,52853,187.4,92.5,40,5
2023-04-28T18:19:18.301173,crank,52853,181.2,91.5,40,5
2023-04-28T18:19:18.367564,wheel,19005,175.1,90.0,40,5
2023-04-28T18:19:19.300005,crank,52853,199.6,92.2,40,5
2023-04-28T18:19:19.799376,crank,52853,205.0,92.2,40,5
2023-04-28T18:19:19.865533,wheel,19005,177.3,89.0,40,5
2023-04-28T18:19:20.548488,crank,52853,212.1,92.6,40,5
2023-04-28T18:19:20.614572,wheel,19005,183.3,90.0,40,5
2023-04-28T18:19:20.797979,crank,52853,207.8,93.1,40,5
2023-04-28T18:19:21.113915,wheel,19005,185.8,90.0,40,5
2023-04-28T18:19:21.547090,crank,52853,200.1,93.8,40,5
2023-04-28T18:19:21.613596,wheel,19005,186.9,90.0,40,5
2023-04-28T18:19:22.296361,crank,52853,201.8,93.3,40,5
2023-04-28T18:19:22.612338,wheel,19005,187.1,90.0,40,5
2023-04-28T18:19:23.045211,crank,52853,199.5,93.5,40,5
2023-04-28T18:19:23.111483,wheel,19005,187.0,91.0,40,5
2023-04-28T18:19:23.610963,wheel,19005,187.2,91.0,40,5
2023-04-28T18:19:23.794217,crank,52853,202.4,93.6,40,5
2023-04-28T18:19:24.044263,crank,52853,210.1,93.7,40,5
2023-04-28T18:19:24.110238,wheel,19005,189.8,91.0,40,5
2023-04-28T18:19:25.292460,crank,52853,201.6,94.0,40,5
2023-04-28T18:19:25.608326,wheel,19005,191.2,91.0,40,5
2023-04-28T18:19:26.041716,crank,52853,178.3,93.8,40,5
2023-04-28T18:19:26.107951,wheel,19005,181.2,91.0,40,5
2023-04-28T18:19:26.607164,wheel,19005,183.5,91.0,40,5
2023-04-28T18:19:27.040370,crank,52853,182.1,92.9,40,5
2023-04-28T18:19:27.106692,wheel,19005,185.3,89.0,40,5
2023-04-28T18:19:27.539687,crank,52853,202.1,92.6,40,5
2023-04-28T18:19:28.105337,wheel,19005,185.6,90.0,40,5
2023-04-28T18:19:28.538674,crank,52853,195.9,93.3,40,5
2023-04-28T18:19:28.604620,wheel,19005,186.0,90.0,40,5
2023-04-28T18:19:29.104060,wheel,19005,186.1,90.0,40,5
2023-04-28T18:19:29.287504,crank,52853,197.7,93.1,40,5
2023-04-28T18:19:29.603390,wheel,19005,186.0,90.0,40,5
2023-04-28T18:19:29.787063,crank,52853,200.3,93.0,40,5
2023-04-28T18:19:30.536191,crank,52853,204.6,92.9,40,5
2023-04-28T18:19:30.602306,wheel,19005,185.8,90.0,40,5
2023-04-28T18:19:31.101677,wheel,19005,186.9,90.0,40,5
2023-04-28T18:19:31.285471,crank,52853,203.3,93.2,40,5
2023-04-28T18:19:31.850629,wheel,19005,187.0,90.0,40,5
2023-04-28T18:19:32.034168,crank,52853,197.4,93.4,40,5
2023-04-28T18:19:32.100423,wheel,19005,187.2,90.0,40,5
2023-04-28T18:19:32.783440,crank,52853,202.9,94.2,40,5
2023-04-28T18:19:33.032963,crank,52853,210.5,93.5,40,5
2023-04-28T18:19:33.099005,wheel,19005,188.4,91.0,40,5
2023-04-28T18:19:33.598499,wheel,19005,191.4,91.0,40,5
2023-04-28T18:19:33.781980,crank,52853,200.4,94.8,40,5
2023-04-28T18:19:34.097797,wheel,19005,192.2,92.0,40,5
2023-04-28T18:19:34.281467,crank,52853,187.7,93.9,40,5
2023-04-28T18:19:34.597091,wheel,19005,189.5,92.0,40,5
2023-04-28T18:19:35.030543,crank,52853,193.2,94.5,40,5
2023-04-28T18:19:35.595920,wheel,19005,185.3,91.0,40,5
2023-04-28T18:19:36.029366,crank,52853,195.8,93.5,40,5
2023-04-28T18:19:36.095587,wheel,19005,186.0,91.0,40,5
2023-04-28T18:19:36.528636,crank,52853,203.0,93.4,40,5
2023-04-28T18:19:36.594680,wheel,19005,186.4,91.0,40,5
2023-04-28T18:19:37.094126,wheel,19005,188.1,90.0,40,5
2023-04-28T18:19:37.277771,crank,52853,205.3,93.2,40,5
2023-04-28T18:19:37.527473,crank,52853,212.5,94.4,40,5
2023-04-28T18:19:38.092875,wheel,19005,189.3,90.0,40,5
2023-04-28T18:19:38.526474,crank,52853,212.1,94.6,40,5
2023-04-28T18:19:38.592126,wheel,19005,189.9,91.0,40,5
2023-04-28T18:19:39.025589,crank,52853,201.7,94.1,40,5
2023-04-28T18:19:39.091444,wheel,19005,190.1,91.0,40,5
2023-04-28T18:19:39.591264,wheel,19005,191.2,92.0,40,5
2023-04-28T18:19:39.774760,crank,52853,209.1,95.0,40,5
2023-04-28T18:19:40.024321,crank,52853,209.3,95.0,40,5
2023-04-28T18:19:40.589879,wheel,19005,191.5,92.0,40,5
2023-04-28T18:19:41.273216,crank,52853,200.5,94.8,40,5
2023-04-28T18:19:41.338956,wheel,19005,191.0,92.0,40,5
2023-04-28T18:19:41.588449,wheel,19005,188.3,92.0,40,5
2023-04-28T18:19:42.022217,crank,52853,186.4,94.2,40,5
2023-04-28T18:19:42.087751,wheel,19005,181.9,92.0,40,5
2023-04-28T18:19:42.770999,crank,52853,191.0,93.4,40,5
2023-04-28T18:19:43.585982,wheel,19005,182.3,91.0,40,5
2023-04-28T18:19:44.085522,wheel,19005,188.3,91.0,40,5
2023-04-28T18:19:44.269177,crank,52853,208.7,94.1,40,5
2023-04-28T18:19:44.518816,crank,52853,202.3,93.1,40,5
2023-04-28T18:19:44.834379,wheel,19005,188.8,92.0,40,5
2023-04-28T18:22:05.348295,wheel,19005,209.6,94.0,40,9
2023-04-28T18:22:05.847531,wheel,19005,217.7,94.0,40,9
2023-04-28T18:22:06.534727,crank,52853,233.0,93.3,40,9
2023-04-28T18:22:06.846087,wheel,19005,208.2,93.0,40,9
2023-04-28T18:22:07.283840,crank,52853,228.3,92.5,40,9
2023-04-28T18:22:07.345456,wheel,19005,188.3,94.0,40,9
2023-04-28T18:22:07.844813,wheel,19005,195.3,94.0,40,9
2023-04-28T18:22:08.032702,crank,52853,215.9,93.4,40,9
2023-04-28T18:22:08.344421,wheel,19005,197.8,95.0,40,9
2023-04-28T18:22:08.781612,crank,52853,201.4,93.5,40,9
2023-04-28T18:22:09.031641,crank,52853,206.2,93.2,40,9
2023-04-28T18:22:09.342903,wheel,19005,202.3,95.0,40,9
2023-04-28T18:22:09.780789,crank,52853,203.7,93.3,40,9
2023-04-28T18:22:09.842286,wheel,19005,183.6,95.0,40,9
2023-04-28T18:22:10.341620,wheel,19005,174.3,94.0,40,9
2023-04-28T18:22:10.529850,crank,52853,188.3,92.0,40,9
2023-04-28T18:22:10.841030,wheel,19005,180.8,94.0,40,9
2023-04-28T18:22:11.028858,crank,52853,190.3,92.6,40,9
2023-04-28T18:22:11.778009,crank,52853,193.7,92.0,40,9
2023-04-28T18:22:11.839793,wheel,19005,186.8,93.0,40,9
2023-04-28T18:22:12.339204,wheel,19005,204.3,94.0,40,9
2023-04-28T18:22:12.527075,crank,52853,213.6,92.0,40,9
2023-04-28T18:22:12.838323,wheel,19005,201.9,94.0,40,9
2023-04-28T18:22:13.337850,wheel,19005,184.0,94.0,40,9
2023-04-28T18:22:13.525749,crank,52853,223.1,93.0,40,9
2023-04-28T18:22:14.274811,crank,52853,210.0,93.0,40,9
2023-04-28T18:22:14.336718,wheel,19005,185.7,94.0,40,9
2023-04-28T18:22:14.836106,wheel,19005,176.0,94.0,40,9
2023-04-28T18:22:15.024037,crank,52853,182.0,92.4,40,9
2023-04-28T18:22:15.335197,wheel,19005,181.7,94.0,40,9
2023-04-28T18:22:15.773196,crank,52853,191.6,92.8,40,9
2023-04-28T18:22:15.834698,wheel,19005,183.0,94.0,40,9
2023-04-28T18:22:16.771698,crank,52853,203.6,91.6,40,9
2023-04-28T18:22:16.833529,wheel,19005,183.2,93.0,40,9
2023-04-28T18:22:17.271216,crank,52853,196.1,92.7,40,9
2023-04-28T18:22:17.332817,wheel,19005,171.0,93.0,40,9
2023-04-28T18:22:17.832033,wheel,19005,161.8,93.0,40,9
2023-04-28T18:22:18.020420,crank,52853,188.3,90.8,40,9
2023-04-28T18:22:18.269946,crank,52853,203.3,92.7,40,9
2023-04-28T18:22:18.331578,wheel,19005,172.6,93.0,40,9
2023-04-28T18:22:18.769401,crank,52853,197.9,92.7,40,9
2023-04-28T18:22:19.330089,wheel,19005,178.3,93.0,40,9
2023-04-28T18:22:19.518662,crank,52853,193.4,91.9,40,9
2023-04-28T18:22:19.829466,wheel,19005,184.2,93.0,40,9
2023-04-28T18:22:20.267668,crank,52853,200.5,91.8,40,9
2023-04-28T18:22:20.328810,wheel,19005,192.6,93.0,40,9
2023-04-28T18:22:20.828181,wheel,19005,185.5,93.0,40,9
2023-04-28T18:22:21.016606,crank,52853,201.1,92.1,40,9
2023-04-28T18:22:21.765491,crank,52853,192.3,91.8,40,9
2023-04-28T18:22:21.826927,wheel,19005,181.9,92.0,40,9
2023-04-28T18:22:22.015326,crank,52853,196.9,91.4,40,9
2023-04-28T18:22:22.576021,wheel,19005,182.6,93.0,40,9
2023-04-28T18:22:22.764651,crank,52853,213.9,91.0,40,9
2023-04-28T18:22:22.825682,wheel,19005,185.5,93.0,40,9
2023-04-28T18:22:23.325150,wheel,19005,174.6,93.0,40,9
2023-04-28T18:22:23.513707,crank,52853,205.1,92.3,40,9
2023-04-28T18:22:24.012684,crank,52853,196.1,91.9,40,9
2023-04-28T18:22:24.323729,wheel,19005,167.3,93.0,40,9
2023-04-28T18:22:24.761960,crank,52853,197.3,92.9,40,9
2023-04-28T18:22:25.072777,wheel,19005,162.5,93.0,40,9
2023-04-28T18:22:25.322671,wheel,19005,172.2,93.0,40,9
2023-04-28T18:22:25.510874,crank,52853,187.5,91.2,40,9
2023-04-28T18:22:25.822020,wheel,19005,178.7,93.0,40,9
2023-04-28T18:22:26.260102,crank,52853,203.3,91.9,40,9
2023-04-28T18:22:26.820593,wheel,19005,197.6,93.0,40,9
2023-04-28T18:22:27.009090,crank,52853,217.9,92.7,40,9
2023-04-28T18:22:27.258647,crank,52853,203.2,91.8,40,9
2023-04-28T18:22:27.320140,wheel,19005,190.2,94.0,40,9
2023-04-28T18:22:27.819495,wheel,19005,186.5,94.0,40,9
2023-04-28T18:22:28.007835,crank,52853,202.3,92.7,40,9
2023-04-28T18:22:28.318655,wheel,19005,188.0,94.0,40,9
2023-04-28T18:22:28.757046,crank,52853,204.4,92.4,40,9
2023-04-28T18:22:29.317376,wheel,19005,181.6,94.0,40,9
2023-04-28T18:22:29.505820,crank,52853,200.0,92.0,40,9
2023-04-28T18:22:30.255127,crank,52853,209.4,92.6,40,9
2023-04-28T18:22:30.504808,crank,52853,194.6,92.0,40,9
2023-04-28T18:22:30.815499,wheel,19005,180.4,94.0,40,9
2023-04-28T18:22:31.253889,crank,52853,195.5,92.0,40,9
2023-04-28T18:22:32.002816,crank,52853,203.5,92.8,40,9
2023-04-28T18:22:32.502389,crank,52853,196.5,92.1,40,9
2023-04-28T18:22:33.062776,wheel,19005,182.7,94.0,40,9
2023-04-28T18:22:33.501076,crank,52853,203.3,92.7,40,9
2023-04-28T18:22:33.811743,wheel,19005,182.9,94.0,40,9
2023-04-28T18:22:34.000333,crank,52853,205.4,92.5,40,9
2023-04-28T18:22:34.999401,crank,52853,221.4,91.9,40,9
2023-04-28T18:22:35.309838,wheel,19005,206.1,94.0,40,9
2023-04-28T18:22:35.498374,crank,52853,220.9,92.1,40,9
2023-04-28T18:22:35.748396,crank,52853,207.2,93.7,40,9
2023-04-28T18:22:35.809132,wheel,19005,198.7,94.0,40,9
2023-04-28T18:22:36.308462,wheel,19005,188.2,94.0,40,9
2023-04-28T18:22:36.808149,wheel,19005,186.2,93.0,40,9
2023-04-28T18:22:36.996789,crank,52853,208.4,93.0,40,9
2023-04-28T18:22:37.745648,crank,52853,201.5,92.7,40,9
2023-04-28T18:22:37.806743,wheel,19005,188.6,94.0,40,9
2023-04-28T18:22:38.305971,wheel,19005,186.1,94.0,40,9
2023-04-28T18:22:38.744345,crank,52853,199.1,92.0,40,9
2023-04-28T18:22:38.805417,wheel,19005,180.7,94.0,40,9
2023-04-28T18:22:39.243948,crank,52853,189.9,92.4,40,9
2023-04-28T18:22:39.992935,crank,52853,184.9,92.0,40,9
2023-04-28T18:22:40.242538,crank,52853,185.6,91.6,40,9
2023-04-28T18:22:40.303536,wheel,19005,164.7,94.0,40,9
2023-04-28T18:22:40.991670,crank,52853,188.3,91.6,40,9
2023-04-28T18:22:42.489745,crank,52853,209.7,92.1,40,9
2023-04-28T18:22:42.550707,wheel,19005,173.2,92.0,40,9
2023-04-28T18:22:42.989306,crank,52853,208.9,92.4,40,9
2023-04-28T18:22:43.549448,wheel,19005,186.2,93.0,40,9
2023-04-28T18:22:43.738086,crank,52853,205.6,91.7,40,9
2023-04-28T18:22:44.049164,wheel,19005,183.7,93.0,40,9
2023-04-28T18:22:44.237657,crank,52853,213.3,92.7,40,9
2023-04-28T18:22:44.797750,wheel,19005,187.3,94.0,40,9
2023-04-28T18:22:44.986644,crank,52853,199.1,91.6,40,9
2023-04-28T18:22:45.486194,crank,52853,201.8,92.5,40,9
2023-04-28T18:22:45.796404,wheel,19005,172.0,94.0,40,9
2023-04-28T18:22:46.235281,crank,52853,200.8,92.4,40,9
2023-04-28T18:22:46.295786,wheel,19005,168.8,94.0,40,9
2023-04-28T18:22:46.795261,wheel,19005,173.2,93.0,40,9
2023-04-28T18:22:46.984138,crank,52853,194.7,92.1,40,9
2023-04-28T18:22:47.294795,wheel,19005,173.0,93.0,40,9
2023-04-28T18:22:47.733145,crank,52853,205.7,92.2,40,9
2023-04-28T18:22:48.293303,wheel,19005,181.8,94.0,40,9
2023-04-28T18:22:48.482220,crank,52853,208.0,92.8,40,9
2023-04-28T18:22:48.732163,crank,52853,200.2,91.7,40,9
2023-04-28T18:22:48.792657,wheel,19005,184.1,94.0,40,9
2023-04-28T18:22:49.292008,wheel,19005,183.8,94.0,40,9
2023-04-28T18:22:49.481330,crank,52853,206.5,93.0,40,9
2023-04-28T18:22:49.791541,wheel,19005,183.9,94.0,40,9
2023-04-28T18:22:49.980593,crank,52853,204.5,92.0,40,9
2023-04-28T18:22:50.729462,crank,52853,207.4,91.7,40,9
2023-04-28T18:22:50.790278,wheel,19005,180.0,94.0,40,9
2023-04-28T18:22:51.289730,wheel,19005,166.4,94.0,40,9
2023-04-28T18:22:51.478709,crank,52853,190.0,91.6,40,9
2023-04-28T18:22:51.788780,wheel,19005,131.0,92.0,40,9
2023-04-28T18:22:52.227633,crank,52853,172.4,92.1,40,9
2023-04-28T18:22:52.288300,wheel,19005,143.2,92.0,40,9
2023-04-28T18:22:53.226309,crank,52853,184.4,91.5,40,9
2023-04-28T18:22:53.536564,wheel,19005,174.9,93.0,40,9
2023-04-28T18:22:53.725801,crank,52853,197.6,91.0,40,9
2023-04-28T18:22:53.786559,wheel,19005,169.4,93.0,40,9
2023-04-28T18:22:54.285530,wheel,19005,175.2,93.0,40,9
2023-04-28T18:22:54.474801,crank,52853,194.0,89.7,40,9
2023-04-28T18:22:54.724493,crank,52853,199.2,93.0,40,9
2023-04-28T18:22:54.785036,wheel,19005,177.8,93.0,40,9
2023-04-28T18:22:55.224039,crank,52853,196.0,90.6,40,9
2023-04-28T18:22:55.783762,wheel,19005,173.1,93.0,40,9
2023-04-28T18:22:56.222712,crank,52853,196.4,91.2,40,9
2023-04-28T18:22:56.283218,wheel,19005,166.9,93.0,40,9
2023-04-28T18:22:56.971815,crank,52853,196.8,91.8,40,9
2023-04-28T18:22:57.032204,wheel,19005,173.1,92.0,40,9
2023-04-28T18:22:57.281948,wheel,19005,169.6,92.0,40,9
2023-04-28T18:22:57.471465,crank,52853,196.0,91.4,40,9
2023-04-28T18:22:58.220122,crank,52853,191.6,91.5,40,9
2023-04-28T18:22:58.969137,crank,52853,194.0,91.4,40,9
2023-04-28T18:22:59.029559,wheel,19005,180.4,93.0,40,9
2023-04-28T18:22:59.219147,crank,52853,199.1,91.6,40,9
2023-04-28T18:22:59.529013,wheel,19005,191.8,93.0,40,9
2023-04-28T18:22:59.778684,wheel,19005,185.1,93.0,40,9
2023-04-28T18:22:59.968261,crank,52853,201.7,91.2,40,9
2023-04-28T18:23:00.278064,wheel,19005,182.1,93.0,40,9
2023-04-28T18:23:00.717246,crank,52853,209.1,91.3,40,9
2023-04-28T18:23:01.276786,wheel,19005,188.9,93.0,40,9
2023-04-28T18:23:01.466101,crank,52853,215.6,91.8,40,9
2023-04-28T18:23:01.776338,wheel,19005,192.0,92.0,40,9
2023-04-28T18:23:02.215132,crank,52853,213.1,91.1,40,9
2023-04-28T18:23:02.275411,wheel,19005,176.2,92.0,40,9
2023-04-28T18:23:02.464976,crank,52853,208.4,92.2,40,9
2023-04-28T18:23:02.774828,wheel,19005,170.1,93.0,40,9
2023-04-28T18:23:03.214169,crank,52853,199.3,91.7,40,9
2023-04-28T18:23:03.773602,wheel,19005,164.8,93.0,40,9
2023-04-28T18:23:04.273001,wheel,19005,171.3,93.0,40,9
2023-04-28T18:23:04.462278,crank,52853,183.1,91.8,40,9
2023-04-28T18:23:04.772245,wheel,19005,184.0,93.0,40,9
2023-04-28T18:23:05.211372,crank,52853,197.1,90.7,40,9
2023-04-28T18:23:05.271794,wheel,19005,180.6,93.0,40,9
2023-04-28T18:23:05.960551,crank,52853,206.0,91.5,40,9
2023-04-28T18:23:06.270295,wheel,19005,179.1,93.0,40,9
2023-04-28T18:23:06.709712,crank,52853,211.9,91.7,40,9
2023-04-28T18:23:06.769818,wheel,19005,185.7,92.0,40,9
2023-04-28T18:23:07.458824,crank,52853,207.7,91.8,40,9
2023-04-28T18:23:07.708247,crank,52853,208.1,91.2,40,9
2023-04-28T18:23:07.768624,wheel,19005,186.5,93.0,40,9
2023-04-28T18:23:08.267858,wheel,19005,181.2,93.0,40,9
2023-04-28T18:23:08.457282,crank,52853,207.1,92.4,40,9
2023-04-28T18:23:09.266505,wheel,19005,170.4,93.0,40,9
2023-04-28T18:23:09.766144,wheel,19005,172.7,93.0,40,9
2023-04-28T18:23:09.955578,crank,52853,195.2,92.1,40,9
2023-04-28T18:23:10.265188,wheel,19005,171.6,93.0,40,9
2023-04-28T18:23:10.455250,crank,52853,192.3,91.8,40,9
2023-04-28T18:23:10.764651,wheel,19005,180.5,93.0,40,9
2023-04-28T18:23:11.453784,crank,52853,196.6,91.7,40,9
2023-04-28T18:23:11.763420,wheel,19005,178.1,92.0,40,9
2023-04-28T18:23:11.953341,crank,52853,186.1,91.4,40,9
2023-04-28T18:23:12.262925,wheel,19005,176.4,92.0,40,9
2023-04-28T18:23:12.702071,crank,52853,193.1,91.4,40,9
2023-04-28T18:23:12.951938,crank,52853,204.9,91.0,40,9
2023-04-28T18:23:13.011977,wheel,19005,179.1,93.0,40,9
2023-04-28T18:23:13.261534,wheel,19005,171.6,93.0,40,9
2023-04-28T18:23:13.701141,crank,52853,211.5,92.3,40,9
2023-04-28T18:23:14.260081,wheel,19005,186.7,93.0,40,9
2023-04-28T18:23:14.450257,crank,52853,214.6,92.1,40,9
2023-04-28T18:23:14.759559,wheel,19005,179.2,93.0,40,9
2023-04-28T18:23:15.199187,crank,52853,202.7,92.0,40,9
2023-04-28T18:23:15.508614,wheel,19005,189.3,93.0,40,9
2023-04-28T18:23:15.758512,wheel,19005,194.0,93.0,40,9
2023-04-28T18:23:15.948447,crank,52853,203.0,93.0,40,9
2023-04-28T18:23:16.197905,crank,52853,206.1,91.2,40,9
2023-04-28T18:23:16.756964,wheel,19005,184.7,92.0,40,9
2023-04-28T18:23:16.947003,crank,52853,195.3,92.4,40,9
2023-04-28T18:23:17.256406,wheel,19005,182.0,92.0,40,9
2023-04-28T18:23:17.696206,crank,52853,184.7,91.2,40,9
2023-04-28T18:23:18.005430,wheel,19005,178.6,93.0,40,9
2023-04-28T18:23:18.195226,crank,52853,184.2,92.1,40,9
2023-04-28T18:23:18.255285,wheel,19005,169.8,93.0,40,9
2023-04-28T18:23:18.944249,crank,52853,184.1,90.0,40,9
2023-04-28T18:23:19.253767,wheel,19005,163.0,93.0,40,9
2023-04-28T18:23:19.693369,crank,52853,191.4,91.0,40,9
2023-04-28T18:23:19.753341,wheel,19005,168.5,93.0,40,9
2023-04-28T18:23:20.252769,wheel,19005,176.1,93.0,40,9
2023-04-28T18:23:20.442420,crank,52853,190.8,92.4,40,9
2023-04-28T18:23:21.001772,wheel,19005,183.3,93.0,40,9
2023-04-28T18:23:21.191509,crank,52853,191.4,91.0,40,9
2023-04-28T18:23:21.441135,crank,52853,188.1,91.1,40,9
2023-04-28T18:23:22.190195,crank,52853,196.4,91.2,40,9
2023-04-28T18:23:22.250175,wheel,19005,179.6,92.0,40,9
2023-04-28T18:23:22.749411,wheel,19005,194.1,93.0,40,9
2023-04-28T18:23:22.939287,crank,52853,219.9,90.5,40,9
2023-04-28T18:23:23.248687,wheel,19005,201.6,93.0,40,9
2023-04-28T18:23:23.438782,crank,52853,220.6,92.0,40,9
2023-04-28T18:23:24.187887,crank,52853,200.4,92.7,40,9
2023-04-28T18:23:24.247556,wheel,19005,170.9,93.0,40,9
2023-04-28T18:23:24.746774,wheel,19005,160.2,93.0,40,9
2023-04-28T18:23:25.186699,crank,52853,189.2,91.6,40,9
2023-04-28T18:23:25.246261,wheel,19005,168.4,93.0,40,9
2023-04-28T18:23:25.686211,crank,52853,185.3,91.9,40,9
2023-04-28T18:23:25.745523,wheel,19005,170.4,93.0,40,9
2023-04-28T18:23:26.684699,crank,52853,186.0,91.3,40,9
2023-04-28T18:23:26.744383,wheel,19005,166.6,92.0,40,9
2023-04-28T18:23:27.243651,wheel,19005,176.8,92.0,40,9
2023-04-28T18:23:27.743148,wheel,19005,181.3,93.0,40,9
2023-04-28T18:23:28.182870,crank,52853,197.2,91.8,40,9
2023-04-28T18:23:28.242486,wheel,19005,183.3,93.0,40,9
2023-04-28T18:23:28.682262,crank,52853,209.8,92.0,40,9
2023-04-28T18:23:29.241122,wheel,19005,187.4,93.0,40,9
2023-04-28T18:23:29.431171,crank,52853,211.7,92.8,40,9
2023-04-28T18:23:29.740828,wheel,19005,189.1,93.0,40,9
2023-04-28T18:23:30.239880,wheel,19005,174.3,93.0,40,9
2023-04-28T18:23:30.679764,crank,52853,201.4,92.0,40,9
2023-04-28T18:23:30.739296,wheel,19005,187.8,94.0,40,9
2023-04-28T18:23:31.738075,wheel,19005,182.1,93.0,40,9
2023-04-28T18:23:31.928508,crank,52853,201.0,92.5,40,9
2023-04-28T18:23:32.237507,wheel,19005,179.2,93.0,40,9
2023-04-28T18:23:32.677174,crank,52853,198.2,92.5,40,9
2023-04-28T18:23:32.736599,wheel,19005,187.8,94.0,40,9
2023-04-28T18:23:33.236098,wheel,19005,186.7,94.0,40,9
2023-04-28T18:23:33.676342,crank,52853,195.2,92.3,40,9
2023-04-28T18:23:34.175273,crank,52853,204.2,92.7,40,9
2023-04-28T18:23:34.234735,wheel,19005,184.5,94.0,40,9
2023-04-28T18:23:34.734073,wheel,19005,184.1,94.0,40,9
2023-04-28T18:23:34.924294,crank,52853,200.0,91.2,40,9
2023-04-28T18:23:35.174275,crank,52853,197.6,92.6,40,9
2023-04-28T18:23:35.233447,wheel,19005,180.7,94.0,40,9
2023-04-28T18:23:35.732829,wheel,19005,172.6,94.0,40,9
2023-04-28T18:23:35.923539,crank,52853,192.3,92.7,40,9
2023-04-28T18:23:36.672187,crank,52853,198.8,91.9,40,9
2023-04-28T18:23:36.731517,wheel,19005,187.1,93.0,40,9
2023-04-28T18:23:37.171758,crank,52853,214.2,92.3,40,9
2023-04-28T18:23:37.230937,wheel,19005,186.0,93.0,40,9
2023-04-28T18:23:37.730533,wheel,19005,192.0,94.0,40,9
2023-04-28T18:23:37.920848,crank,52853,205.9,92.2,40,9
2023-04-28T18:23:38.669803,crank,52853,196.2,93.2,40,9
2023-04-28T18:23:38.729018,wheel,19005,188.4,94.0,40,9
2023-04-28T18:23:39.418962,crank,52853,202.8,91.3,40,9
2023-04-28T18:23:39.727785,wheel,19005,184.8,93.0,40,9
2023-04-28T18:23:40.167980,crank,52853,198.6,92.7,40,9
2023-04-28T18:23:40.227363,wheel,19005,182.7,93.0,40,9
2023-04-28T18:23:40.726462,wheel,19005,184.8,93.0,40,9
2023-04-28T18:23:41.166612,crank,52853,202.6,91.8,40,9
2023-04-28T18:23:41.225813,wheel,19005,187.4,93.0,40,9
2023-04-28T18:23:42.224482,wheel,19005,174.6,92.0,40,9
2023-04-28T18:23:42.415264,crank,52853,195.5,91.8,40,9
2023-04-28T18:23:42.723932,wheel,19005,172.0,93.0,40,9
2023-04-28T18:23:43.164482,crank,52853,206.9,92.3,40,9
2023-04-28T18:23:43.223334,wheel,19005,178.2,93.0,40,9
2023-04-28T18:23:43.722579,wheel,19005,192.8,93.0,40,9
2023-04-28T18:23:43.913524,crank,52853,201.8,91.2,40,9
2023-04-28T18:23:44.662555,crank,52853,196.7,91.8,40,9
2023-04-28T18:23:44.721467,wheel,19005,184.7,93.0,40,9
2023-04-28T18:23:45.220876,wheel,19005,181.8,93.0,40,9
2023-04-28T18:23:45.411805,crank,52853,191.2,92.2,40,9
2023-04-28T18:23:45.720325,wheel,19005,184.0,93.0,40,9
2023-04-28T18:23:46.219404,wheel,19005,182.0,93.0,40,9
2023-04-28T18:23:46.410246,crank,52853,194.6,91.6,40,9
2023-04-28T18:23:47.159497,crank,52853,200.2,91.7,40,9
2023-04-28T18:23:47.467814,wheel,19005,179.8,92.0,40,9
2023-04-28T18:23:47.717496,wheel,19005,186.5,93.0,40,9
2023-04-28T18:23:47.908450,crank,52853,208.4,91.8,40,9
2023-04-28T18:23:48.217112,wheel,19005,191.7,93.0,40,9
2023-04-28T18:23:48.657254,crank,52853,215.7,92.2,40,9
2023-04-28T18:23:48.716247,wheel,19005,189.8,93.0,40,9
2023-04-28T18:23:48.907140,crank,52853,204.5,92.0,40,9
2023-04-28T18:23:49.656099,crank,52853,198.7,91.4,40,9
2023-04-28T18:23:49.964664,wheel,19005,189.2,93.0,40,9
2023-04-28T18:23:50.155442,crank,52853,199.1,92.5,40,9
2023-04-28T18:23:50.214316,wheel,19005,180.6,93.0,40,9
2023-04-28T18:23:50.713760,wheel,19005,174.1,93.0,40,9
2023-04-28T18:23:50.904461,crank,52853,193.3,91.0,40,9
2023-04-28T18:23:51.213112,wheel,19005,175.4,93.0,40,9
2023-04-28T18:23:51.653498,crank,52853,202.6,92.0,40,9
2023-04-28T18:23:52.402563,crank,52853,205.7,91.4,40,9
2023-04-28T18:23:52.461542,wheel,19005,183.1,92.0,40,9
2023-04-28T18:23:52.711113,wheel,19005,179.6,93.0,40,9
2023-04-28T18:23:53.151781,crank,52853,203.6,91.6,40,9
2023-04-28T18:23:53.210528,wheel,19005,176.2,93.0,40,9
2023-04-28T18:23:53.710060,wheel,19005,178.5,93.0,40,9
2023-04-28T18:23:53.900821,crank,52853,198.8,91.9,40,9
2023-04-28T18:23:54.649863,crank,52853,191.9,92.0,40,9
2023-04-28T18:23:54.708701,wheel,19005,170.7,93.0,40,9
2023-04-28T18:23:55.208082,wheel,19005,178.8,93.0,40,9
2023-04-28T18:23:55.399062,crank,52853,196.6,91.9,40,9
2023-04-28T18:23:55.707356,wheel,19005,179.9,93.0,40,9
2023-04-28T18:23:56.148051,crank,52853,198.8,91.5,40,9
2023-04-28T18:23:56.206783,wheel,19005,180.3,93.0,40,9
2023-04-28T18:23:56.897195,crank,52853,199.1,91.2,40,9
2023-04-28T18:23:57.205581,wheel,19005,183.0,92.0,40,9
2023-04-28T18:23:57.705072,wheel,19005,180.8,93.0,40,9
2023-04-28T18:23:57.895760,crank,52853,208.3,91.7,40,9
2023-04-28T18:23:58.454212,wheel,19005,179.6,93.0,40,9
2023-04-28T18:23:58.644862,crank,52853,206.6,92.0,40,9
2023-04-28T18:23:58.703592,wheel,19005,190.0,93.0,40,9
2023-04-28T18:23:59.394129,crank,52853,191.9,91.2,40,9
2023-04-28T18:23:59.702244,wheel,19005,173.2,93.0,40,9
2023-04-28T18:24:00.142984,crank,52853,195.2,92.3,40,9
2023-04-28T18:24:00.451351,wheel,19005,178.3,93.0,40,9
2023-04-28T18:24:00.642695,crank,52853,195.4,91.6,40,9
2023-04-28T18:24:01.200345,wheel,19005,180.1,93.0,40,9
2023-04-28T18:24:01.641291,crank,52853,193.1,92.2,40,9
2023-04-28T18:24:01.699815,wheel,19005,180.2,92.0,40,9
2023-04-28T18:24:02.390275,crank,52853,179.6,91.6,40,9
2023-04-28T18:24:02.698612,wheel,19005,178.5,93.0,40,9
2023-04-28T18:24:03.139356,crank,52853,189.7,90.5,40,9
2023-04-28T18:24:03.197917,wheel,19005,178.1,93.0,40,9
2023-04-28T18:24:03.388890,crank,52853,203.9,91.0,40,9
2023-04-28T18:24:03.697173,wheel,19005,165.9,93.0,40,9
2023-04-28T18:24:04.196608,wheel,19005,165.3,93.0,40,9
2023-04-28T18:24:04.887253,crank,52853,194.0,91.1,40,9
2023-04-28T18:24:05.195217,wheel,19005,169.2,93.0,40,9
2023-04-28T18:24:05.386630,crank,52853,193.7,91.6,40,9
2023-04-28T18:24:05.944278,wheel,19005,176.9,93.0,40,9
2023-04-28T18:24:06.135914,crank,52853,195.1,91.0,40,9
2023-04-28T18:24:06.194204,wheel,19005,187.1,93.0,40,9
2023-04-28T18:24:06.693335,wheel,19005,181.6,93.0,40,9
2023-04-28T18:24:07.134382,crank,52853,206.0,91.1,40,9
2023-04-28T18:24:07.634000,crank,52853,194.4,92.0,40,9
2023-04-28T18:24:07.692310,wheel,19005,179.7,92.0,40,9
2023-04-28T18:24:07.883371,crank,52853,178.8,91.2,40,9
2023-04-28T18:24:08.441095,wheel,19005,173.8,93.0,40,9
2023-04-28T18:24:08.632601,crank,52853,192.7,90.8,40,9
2023-04-28T18:24:08.690947,wheel,19005,166.9,93.0,40,9
2023-04-28T18:24:09.381645,crank,52853,205.4,91.2,40,9
2023-04-28T18:24:09.689711,wheel,19005,172.5,93.0,40,9
2023-04-28T18:24:10.130714,crank,52853,207.6,91.0,40,9
2023-04-28T18:24:10.629880,crank,52853,206.1,91.2,40,9
2023-04-28T18:24:10.688260,wheel,19005,178.2,93.0,40,9
2023-04-28T18:24:11.187646,wheel,19005,193.3,93.0,40,9
2023-04-28T18:24:11.629083,crank,52853,216.8,92.2,40,9
2023-04-28T18:24:11.687231,wheel,19005,202.1,93.0,40,9
2023-04-28T18:24:12.127949,crank,52853,238.6,91.0,40,9
2023-04-28T18:24:12.186344,wheel,19005,226.7,92.0,40,9
2023-04-28T18:24:12.877041,crank,52853,230.8,92.8,40,9
2023-04-28T18:24:13.185116,wheel,19005,202.1,94.0,40,9
2023-04-28T18:24:13.626102,crank,52853,206.7,93.9,40,9
2023-04-28T18:24:13.684435,wheel,19005,189.7,94.0,40,9
2023-04-28T18:24:13.876120,crank,52853,205.6,91.7,40,9
2023-04-28T18:24:14.183853,wheel,19005,183.6,94.0,40,9
2023-04-28T18:24:14.375205,crank,52853,207.5,93.4,40,9
2023-04-28T18:24:14.683163,wheel,19005,177.2,94.0,40,9
2023-04-28T18:24:15.124733,crank,52853,197.3,91.6,40,9
2023-04-28T18:24:15.682192,wheel,19005,195.5,94.0,40,9
2023-04-28T18:24:15.873433,crank,52853,198.3,92.5,40,9
2023-04-28T18:31:14.648294,wheel,19005,193.5,89.0,54,5
2023-04-28T18:31:15.097428,crank,52853,193.8,92.1,54,5
2023-04-28T18:31:15.147709,wheel,19005,186.8,89.0,54,5
2023-04-28T18:31:15.596466,crank,52853,205.5,90.1,54,5
2023-04-28T18:31:15.646716,wheel,19005,180.9,89.0,54,5
2023-04-28T18:31:16.345866,crank,52853,210.5,91.9,54,5
2023-04-28T18:31:16.645501,wheel,19005,190.6,89.0,54,5
2023-04-28T18:31:17.094897,crank,52853,201.8,90.8,54,5
2023-04-28T18:31:17.145134,wheel,19005,193.1,89.0,54,5
2023-04-28T18:31:17.344303,crank,52853,201.4,92.2,54,5
2023-04-28T18:31:17.644246,wheel,19005,185.7,89.0,54,5
2023-04-28T18:31:18.093360,crank,52853,200.0,91.6,54,5
2023-04-28T18:31:18.143527,wheel,19005,184.1,90.0,54,5
2023-04-28T18:31:18.592739,crank,52853,200.3,92.6,54,5
2023-04-28T18:31:19.142425,wheel,19005,182.6,90.0,54,5
2023-04-28T18:31:19.341814,crank,52853,186.4,92.0,54,5
2023-04-28T18:31:19.642042,wheel,19005,178.2,90.0,54,5
2023-04-28T18:31:20.090871,crank,52853,178.8,91.2,54,5
2023-04-28T18:31:20.140988,wheel,19005,168.4,90.0,54,5
2023-04-28T18:31:20.640426,wheel,19005,167.6,90.0,54,5
2023-04-28T18:31:20.840386,crank,52853,172.9,90.5,54,5
2023-04-28T18:31:21.838696,crank,52853,179.8,90.3,54,5
2023-04-28T18:31:21.888827,wheel,19005,166.8,90.0,54,5
2023-04-28T18:31:22.138457,wheel,19005,179.7,88.0,54,5
2023-04-28T18:31:22.338211,crank,52853,187.6,91.3,54,5
2023-04-28T18:31:22.587734,crank,52853,188.3,90.3,54,5
2023-04-28T18:31:22.637777,wheel,19005,176.0,88.0,54,5
2023-04-28T18:31:23.137276,wheel,19005,184.7,89.0,54,5
2023-04-28T18:31:23.336907,crank,52853,195.4,90.8,54,5
2023-04-28T18:31:24.086288,crank,52853,201.2,91.0,54,5
2023-04-28T18:31:24.385652,wheel,19005,183.6,89.0,54,5
2023-04-28T18:31:24.585257,crank,52853,194.7,90.8,54,5
2023-04-28T18:31:24.635237,wheel,19005,165.7,89.0,54,5
2023-04-28T18:31:25.134834,wheel,19005,165.0,89.0,54,5
2023-04-28T18:31:25.334839,crank,52853,186.5,90.8,54,5
2023-04-28T18:31:25.883659,wheel,19005,172.0,89.0,54,5
2023-04-28T18:31:26.083659,crank,52853,194.2,90.6,54,5
2023-04-28T18:31:26.832694,crank,52853,193.6,90.8,54,5
2023-04-28T18:31:26.882500,wheel,19005,175.4,89.0,54,5
2023-04-28T18:31:27.132068,wheel,19005,176.4,88.0,54,5
2023-04-28T18:31:27.631581,wheel,19005,169.4,88.0,54,5
2023-04-28T18:31:27.831307,crank,52853,186.3,90.7,54,5
2023-04-28T18:31:28.130926,wheel,19005,165.2,89.0,54,5
2023-04-28T18:31:28.580676,crank,52853,199.4,91.4,54,5
2023-04-28T18:31:29.129495,wheel,19005,194.1,89.0,54,5
2023-04-28T18:31:29.829114,crank,52853,220.4,91.5,54,5
2023-04-28T18:31:29.878559,wheel,19005,220.4,89.0,54,5
2023-04-28T18:31:30.128399,wheel,19005,208.3,90.0,54,5
2023-04-28T18:31:30.628122,wheel,19005,195.4,90.0,54,5
2023-04-28T18:31:30.827578,crank,52853,211.3,91.8,54,5
2023-04-28T18:31:31.576545,crank,52853,200.3,93.0,54,5
2023-04-28T18:31:31.626329,wheel,19005,190.3,90.0,54,5
2023-04-28T18:31:31.826757,crank,52853,192.7,92.5,54,5
2023-04-28T18:31:32.125830,wheel,19005,185.4,89.0,54,5
2023-04-28T18:31:32.575450,crank,52853,194.9,92.2,54,5
2023-04-28T18:31:32.625273,wheel,19005,187.7,89.0,54,5
2023-04-28T18:31:33.075005,crank,52853,207.2,91.6,54,5
2023-04-28T18:31:33.623826,wheel,19005,191.0,90.0,54,5
2023-04-28T18:31:33.823977,crank,52853,214.6,92.9,54,5
2023-04-28T18:31:34.573070,crank,52853,215.3,92.8,54,5
2023-04-28T18:31:35.122171,wheel,19005,194.2,91.0,54,5
2023-04-28T18:31:35.321971,crank,52853,208.4,93.0,54,5
2023-04-28T18:31:35.621237,wheel,19005,192.2,91.0,54,5
2023-04-28T18:31:36.071017,crank,52853,197.9,92.7,54,5
2023-04-28T18:31:36.120621,wheel,19005,189.4,91.0,54,5
2023-04-28T18:31:36.321161,crank,52853,199.2,92.5,54,5
2023-04-28T18:31:36.620108,wheel,19005,187.3,91.0,54,5
2023-04-28T18:31:37.069938,crank,52853,211.1,91.8,54,5
2023-04-28T18:31:37.618809,wheel,19005,183.2,90.0,54,5
2023-04-28T18:31:38.118052,wheel,19005,180.7,91.0,54,5
2023-04-28T18:31:38.318365,crank,52853,197.6,93.0,54,5
2023-04-28T18:31:38.867097,wheel,19005,182.4,91.0,54,5
2023-04-28T18:31:39.067469,crank,52853,210.9,92.5,54,5
2023-04-28T18:31:39.116916,wheel,19005,189.4,91.0,54,5
2023-04-28T18:31:40.065993,crank,52853,214.3,92.7,54,5
2023-04-28T18:31:40.365299,wheel,19005,192.7,91.0,54,5
2023-04-28T18:31:40.565334,crank,52853,204.4,93.2,54,5
2023-04-28T18:31:40.614914,wheel,19005,188.5,91.0,54,5
2023-04-28T18:31:40.815508,crank,52853,209.5,92.2,54,5
2023-04-28T18:31:41.114358,wheel,19005,187.3,91.0,54,5
2023-04-28T18:31:41.613906,wheel,19005,184.7,91.0,54,5
2023-04-28T18:31:42.063862,crank,52853,207.5,93.4,54,5
2023-04-28T18:31:42.313264,crank,52853,202.4,92.3,54,5
2023-04-28T18:31:42.812777,crank,52853,205.5,92.9,54,5
2023-04-28T18:31:42.862155,wheel,19005,183.5,90.0,54,5
2023-04-28T18:31:43.111899,wheel,19005,185.1,91.0,54,5
2023-04-28T18:31:43.561861,crank,52853,205.3,92.4,54,5
2023-04-28T18:31:43.611249,wheel,19005,185.7,91.0,54,5
2023-04-28T18:31:44.110611,wheel,19005,186.9,91.0,54,5
2023-04-28T18:31:44.310730,crank,52853,210.2,93.0,54,5
2023-04-28T18:31:45.109131,wheel,19005,195.3,91.0,54,5
2023-04-28T18:31:45.309945,crank,52853,211.5,92.7,54,5
2023-04-28T18:31:45.608500,wheel,19005,178.9,91.0,54,5
2023-04-28T18:31:46.058756,crank,52853,208.5,93.2,54,5
2023-04-28T18:31:46.108089,wheel,19005,180.5,91.0,54,5
2023-04-28T18:31:46.607332,wheel,19005,174.6,91.0,54,5
2023-04-28T18:31:46.807649,crank,52853,191.9,93.4,54,5
2023-04-28T18:31:47.556641,crank,52853,183.7,92.3,54,5
2023-04-28T18:31:47.605981,wheel,19005,176.3,90.0,54,5
2023-04-28T18:31:48.105398,wheel,19005,185.5,91.0,54,5
2023-04-28T18:31:48.604947,wheel,19005,187.5,91.0,54,5
2023-04-28T18:31:49.055021,crank,52853,206.9,92.1,54,5
2023-04-28T18:31:49.104047,wheel,19005,183.6,91.0,54,5
2023-04-28T18:31:49.304624,crank,52853,194.3,93.2,54,5
2023-04-28T18:31:50.053788,crank,52853,183.3,91.7,54,5
2023-04-28T18:31:50.102929,wheel,19005,168.9,91.0,54,5
2023-04-28T18:31:50.553152,crank,52853,203.8,92.1,54,5
2023-04-28T18:31:50.602296,wheel,19005,176.9,91.0,54,5
2023-04-28T18:31:51.101611,wheel,19005,181.0,91.0,54,5
2023-04-28T18:31:51.302210,crank,52853,212.9,93.0,54,5
2023-04-28T18:31:51.600833,wheel,19005,190.1,91.0,54,5
2023-04-28T18:31:52.301130,crank,52853,216.2,92.8,54,5
2023-04-28T18:31:52.599705,wheel,19005,196.3,90.0,54,5
2023-04-28T18:31:53.050017,crank,52853,224.3,93.5,54,5
2023-04-28T18:31:53.099212,wheel,19005,194.9,92.0,54,5
2023-04-28T18:31:53.549245,crank,52853,221.0,93.7,54,5
2023-04-28T18:31:53.598352,wheel,19005,195.3,92.0,54,5
2023-04-28T18:31:53.799095,crank,52853,218.5,94.2,54,5
2023-04-28T18:31:54.097686,wheel,19005,193.5,92.0,54,5
2023-04-28T18:31:54.548149,crank,52853,206.0,93.9,54,5
2023-04-28T18:31:55.047526,crank,52853,192.5,93.7,54,5
2023-04-28T18:31:55.096611,wheel,19005,181.1,92.0,54,5
2023-04-28T18:31:55.595842,wheel,19005,174.4,92.0,54,5
2023-04-28T18:31:55.796615,crank,52853,192.3,92.7,54,5
2023-04-28T18:31:56.545462,crank,52853,199.7,92.7,54,5
2023-04-28T18:31:56.594543,wheel,19005,183.7,91.0,54,5
2023-04-28T18:31:57.294501,crank,52853,193.3,93.2,54,5
2023-04-28T18:31:57.593540,wheel,19005,182.8,90.0,54,5
2023-04-28T18:31:58.092601,wheel,19005,178.1,91.0,54,5
2023-04-28T18:31:58.293519,crank,52853,185.1,92.1,54,5
2023-04-28T18:31:58.841791,wheel,19005,176.3,91.0,54,5
2023-04-28T18:31:59.042550,crank,52853,187.4,91.6,54,5
2023-04-28T18:31:59.091459,wheel,19005,179.7,90.0,54,5
2023-04-28T18:31:59.791391,crank,52853,199.6,91.4,54,5
2023-04-28T18:32:00.090111,wheel,19005,182.0,90.0,54,5
2023-04-28T18:32:00.291000,crank,52853,207.4,91.7,54,5
2023-04-28T18:32:00.839385,wheel,19005,182.9,90.0,54,5
2023-04-28T18:32:01.039844,crank,52853,208.8,92.7,54,5
2023-04-28T18:32:01.088894,wheel,19005,182.7,90.0,54,5
2023-04-28T18:32:01.539315,crank,52853,200.4,92.2,54,5
2023-04-28T18:32:01.588217,wheel,19005,183.0,90.0,54,5
2023-04-28T18:32:02.288297,crank,52853,198.9,92.4,54,5
2023-04-28T18:32:02.586878,wheel,19005,180.7,90.0,54,5
2023-04-28T18:32:03.037348,crank,52853,195.1,91.8,54,5
2023-04-28T18:32:03.086252,wheel,19005,171.0,91.0,54,5
2023-04-28T18:32:03.585759,wheel,19005,174.6,91.0,54,5
2023-04-28T18:32:03.786689,crank,52853,181.7,92.2,54,5
2023-04-28T18:32:04.085077,wheel,19005,173.7,90.0,54,5
2023-04-28T18:32:04.285801,crank,52853,177.4,91.4,54,5
2023-04-28T18:32:05.034884,crank,52853,188.0,90.6,54,5
2023-04-28T18:32:05.083692,wheel,19005,174.3,90.0,54,5
2023-04-28T18:32:06.033849,crank,52853,191.1,90.8,54,5
2023-04-28T18:32:06.332119,wheel,19005,172.2,89.0,54,5
2023-04-28T18:32:06.533244,crank,52853,182.9,90.3,54,5
2023-04-28T18:32:06.581953,wheel,19005,171.8,89.0,54,5
2023-04-28T18:32:06.782664,crank,52853,184.1,91.6,54,5
2023-04-28T18:32:07.081445,wheel,19005,173.9,89.0,54,5
2023-04-28T18:32:07.531727,crank,52853,204.5,90.4,54,5
2023-04-28T18:32:08.080149,wheel,19005,201.2,88.0,54,5
2023-04-28T18:32:08.281191,crank,52853,220.4,91.2,54,5
2023-04-28T18:32:08.579342,wheel,19005,203.8,89.0,54,5
2023-04-28T18:32:08.780025,crank,52853,209.9,91.2,54,5
2023-04-28T18:32:09.078830,wheel,19005,186.3,89.0,54,5
2023-04-28T18:32:09.529304,crank,52853,207.8,92.3,54,5
2023-04-28T18:32:09.577979,wheel,19005,177.7,90.0,54,5
2023-04-28T18:32:10.278410,crank,52853,207.2,91.2,54,5
2023-04-28T18:32:10.576805,wheel,19005,187.4,90.0,54,5
2023-04-28T18:32:11.027085,crank,52853,200.9,92.0,54,5
2023-04-28T18:32:11.076218,wheel,19005,185.6,90.0,54,5
2023-04-28T18:32:11.575732,wheel,19005,184.1,90.0,54,5
2023-04-28T18:32:11.775945,crank,52853,194.1,92.2,54,5
2023-04-28T18:32:12.025735,crank,52853,201.2,92.2,54,5
2023-04-28T18:32:12.074838,wheel,19005,182.8,90.0,54,5
2023-04-28T18:32:12.775063,crank,52853,200.0,92.0,54,5
2023-04-28T18:32:13.073580,wheel,19005,183.6,89.0,54,5
2023-04-28T18:32:13.523663,crank,52853,207.6,93.0,54,5
2023-04-28T18:32:13.573011,wheel,19005,185.1,91.0,54,5
2023-04-28T18:32:14.023161,crank,52853,211.8,92.5,54,5
2023-04-28T18:32:14.072362,wheel,19005,186.5,91.0,54,5
2023-04-28T18:32:14.772054,crank,52853,216.2,92.8,54,5
2023-04-28T18:32:14.821438,wheel,19005,188.4,91.0,54,5
2023-04-28T18:32:15.570412,wheel,19005,190.3,91.0,54,5
2023-04-28T18:32:15.770542,crank,52853,215.5,92.9,54,5
2023-04-28T18:32:16.070078,wheel,19005,189.2,91.0,54,5
2023-04-28T18:32:16.519797,crank,52853,195.6,93.4,54,5
2023-04-28T18:32:16.569055,wheel,19005,182.9,92.0,54,5
2023-04-28T18:32:17.268964,crank,52853,187.1,92.7,54,5
2023-04-28T18:32:17.318374,wheel,19005,181.1,92.0,54,5
2023-04-28T18:32:18.067289,wheel,19005,183.2,90.0,54,5
2023-04-28T18:32:18.566776,wheel,19005,185.9,91.0,54,5
2023-04-28T18:32:18.766670,crank,52853,204.1,92.7,54,5
2023-04-28T18:32:19.065894,wheel,19005,185.7,91.0,54,5
2023-04-28T18:32:19.515387,crank,52853,209.9,93.7,54,5
2023-04-28T18:32:19.565294,wheel,19005,189.6,91.0,54,5
2023-04-28T18:32:19.765573,crank,52853,210.3,92.2,54,5
2023-04-28T18:32:20.514224,crank,52853,219.1,94.0,54,5
2023-04-28T18:32:20.564151,wheel,19005,204.5,91.0,54,5
2023-04-28T18:32:21.063422,wheel,19005,196.9,91.0,54,5
2023-04-28T18:32:21.263240,crank,52853,209.2,93.3,54,5
2023-04-28T18:32:21.562701,wheel,19005,192.3,92.0,54,5
2023-04-28T18:32:22.011996,crank,52853,209.0,93.2,54,5
2023-04-28T18:32:22.062305,wheel,19005,190.0,92.0,54,5
2023-04-28T18:32:22.511549,crank,52853,202.1,93.4,54,5
2023-04-28T18:32:23.061114,wheel,19005,186.1,91.0,54,5
2023-04-28T18:32:23.260254,crank,52853,187.9,93.2,54,5
2023-04-28T18:32:23.560163,wheel,19005,184.5,91.0,54,5
2023-04-28T18:32:24.009221,crank,52853,188.2,92.5,54,5
2023-04-28T18:32:24.059541,wheel,19005,183.0,91.0,54,5
2023-04-28T18:32:24.558988,wheel,19005,184.4,91.0,54,5
2023-04-28T18:32:24.758309,crank,52853,195.7,93.0,54,5
2023-04-28T18:32:25.008106,crank,52853,193.2,92.2,54,5
2023-04-28T18:32:25.756854,crank,52853,198.0,92.4,54,5
2023-04-28T18:32:25.807377,wheel,19005,184.8,91.0,54,5
2023-04-28T18:32:26.056969,wheel,19005,182.8,91.0,54,5
2023-04-28T18:32:26.256341,crank,52853,205.9,92.7,54,5
2023-04-28T18:32:26.556495,wheel,19005,186.7,91.0,54,5
2023-04-28T18:32:27.005232,crank,52853,211.4,92.7,54,5
2023-04-28T18:32:27.055802,wheel,19005,189.6,91.0,54,5
2023-04-28T18:32:28.054441,wheel,19005,188.2,90.0,54,5
2023-04-28T18:32:28.503077,crank,52853,208.3,92.9,54,5
2023-04-28T18:32:28.553800,wheel,19005,190.0,91.0,54,5
2023-04-28T18:32:29.053249,wheel,19005,191.8,91.0,54,5
2023-04-28T18:32:29.252182,crank,52853,213.1,93.0,54,5
2023-04-28T18:32:29.501939,crank,52853,208.1,93.2,54,5
2023-04-28T18:32:29.552640,wheel,19005,189.8,91.0,54,5
2023-04-28T18:32:30.250875,crank,52853,185.5,91.6,54,5
2023-04-28T18:32:30.750164,crank,52853,181.8,94.2,54,5
2023-04-28T18:32:30.801093,wheel,19005,177.1,91.0,54,5
2023-04-28T18:32:31.050611,wheel,19005,180.2,91.0,54,5
2023-04-28T18:32:31.499057,crank,52853,181.4,92.5,54,5
2023-04-28T18:32:31.550131,wheel,19005,183.2,91.0,54,5
2023-04-28T18:32:32.049640,wheel,19005,184.2,91.0,54,5
2023-04-28T18:32:32.497919,crank,52853,197.9,92.3,54,5
2023-04-28T18:32:32.747364,crank,52853,209.1,92.5,54,5
2023-04-28T18:32:33.297989,wheel,19005,190.3,90.0,54,5
2023-04-28T18:32:33.496260,crank,52853,207.6,93.0,54,5
2023-04-28T18:32:33.547550,wheel,19005,200.7,91.0,54,5
2023-04-28T18:32:33.995820,crank,52853,208.4,93.0,54,5
2023-04-28T18:32:34.046969,wheel,19005,193.6,91.0,54,5
2023-04-28T18:32:34.546427,wheel,19005,189.2,91.0,54,5
2023-04-28T18:32:34.744732,crank,52853,203.9,93.0,54,5
2023-04-28T18:32:35.544904,wheel,19005,187.2,91.0,54,5
2023-04-28T18:32:35.743514,crank,52853,199.2,92.5,54,5
2023-04-28T18:32:36.242709,crank,52853,193.3,92.3,54,5
2023-04-28T18:32:36.991885,crank,52853,196.5,92.5,54,5
2023-04-28T18:32:37.043276,wheel,19005,179.6,91.0,54,5
2023-04-28T18:32:37.241357,crank,52853,201.1,92.5,54,5
2023-04-28T18:32:37.542319,wheel,19005,178.8,90.0,54,5
2023-04-28T18:32:37.990100,crank,52853,199.7,92.7,54,5
2023-04-28T18:32:38.041716,wheel,19005,180.4,90.0,54,5
2023-04-28T18:32:38.739117,crank,52853,204.4,92.8,54,5
2023-04-28T18:32:39.040731,wheel,19005,184.7,91.0,54,5
2023-04-28T18:32:39.238529,crank,52853,207.5,93.4,54,5
2023-04-28T18:32:39.539827,wheel,19005,192.8,91.0,54,5
2023-04-28T18:32:40.039171,wheel,19005,192.0,91.0,54,5
2023-04-28T18:32:40.237522,crank,52853,204.7,93.0,54,5
2023-04-28T18:32:40.737052,crank,52853,206.2,92.8,54,5
2023-04-28T18:32:40.788321,wheel,19005,187.8,91.0,54,5
2023-04-28T18:32:41.485956,crank,52853,204.0,93.4,54,5
2023-04-28T18:32:41.537390,wheel,19005,177.5,91.0,54,5
2023-04-28T18:32:41.735424,crank,52853,189.3,93.0,54,5
2023-04-28T18:32:42.036624,wheel,19005,180.8,91.0,54,5
2023-04-28T18:32:42.535965,wheel,19005,183.2,90.0,54,5
2023-04-28T18:32:42.984048,crank,52853,190.9,92.5,54,5
2023-04-28T18:32:43.534802,wheel,19005,177.1,90.0,54,5
2023-04-28T18:32:43.732918,crank,52853,190.4,92.6,54,5
2023-04-28T18:32:44.731898,crank,52853,188.0,91.9,54,5
2023-04-28T18:32:45.231460,crank,52853,198.3,93.0,54,5
2023-04-28T18:32:45.980336,crank,52853,207.7,91.8,54,5
2023-04-28T18:32:46.031696,wheel,19005,182.7,91.0,54,5
2023-04-28T18:32:46.729393,crank,52853,211.2,93.0,54,5
2023-04-28T18:32:46.780691,wheel,19005,191.5,91.0,54,5
2023-04-28T18:32:46.978883,crank,52853,204.2,92.7,54,5
2023-04-28T18:32:47.529760,wheel,19005,185.6,90.0,54,5
2023-04-28T18:32:47.977866,crank,52853,203.2,92.2,54,5
2023-04-28T18:32:48.278655,wheel,19005,182.4,90.0,54,5
2023-04-28T18:32:48.477482,crank,52853,205.2,93.2,54,5
2023-04-28T18:32:49.226292,crank,52853,193.5,92.8,54,5
2023-04-28T18:32:49.527313,wheel,19005,185.2,91.0,54,5
2023-04-28T18:32:49.975348,crank,52853,203.0,93.0,54,5
2023-04-28T18:32:50.026514,wheel,19005,183.1,91.0,54,5
2023-04-28T18:32:50.526047,wheel,19005,183.3,91.0,54,5
2023-04-28T18:32:50.724210,crank,52853,204.9,93.0,54,5
2023-04-28T18:32:50.974242,crank,52853,193.6,92.9,54,5
2023-04-28T18:32:51.025145,wheel,19005,178.0,91.0,54,5
2023-04-28T18:32:51.473280,crank,52853,195.2,93.7,54,5
2023-04-28T18:32:52.024018,wheel,19005,179.4,91.0,54,5
2023-04-28T18:32:52.222469,crank,52853,203.3,92.3,54,5
2023-04-28T18:32:53.023007,wheel,19005,189.6,90.0,54,5
2023-04-28T18:32:53.221209,crank,52853,214.7,92.5,54,5
2023-04-28T18:32:53.720717,crank,52853,204.9,93.4,54,5
2023-04-28T18:32:54.469657,crank,52853,192.4,93.2,54,5
2023-04-28T18:32:54.520790,wheel,19005,191.8,91.0,54,5
2023-04-28T18:32:54.719242,crank,52853,182.6,92.7,54,5
2023-04-28T18:32:55.468664,crank,52853,180.3,92.5,54,5
2023-04-28T18:32:55.519532,wheel,19005,176.7,91.0,54,5
2023-04-28T18:32:56.217637,crank,52853,183.0,92.0,54,5
2023-04-28T18:32:56.966668,crank,52853,186.2,91.5,54,5
2023-04-28T18:32:57.017650,wheel,19005,179.8,90.0,54,5
2023-04-28T18:32:57.466054,crank,52853,201.1,92.1,54,5
2023-04-28T18:32:57.766783,wheel,19005,176.8,89.0,54,5
2023-04-28T18:32:58.214993,crank,52853,208.1,91.6,54,5
2023-04-28T18:32:58.515614,wheel,19005,182.1,91.0,54,5
2023-04-28T18:32:58.964140,crank,52853,205.2,93.6,54,5
2023-04-28T18:32:59.015139,wheel,19005,196.3,91.0,54,5
2023-04-28T18:32:59.712995,crank,52853,217.7,92.2,54,5
2023-04-28T18:32:59.963170,crank,52853,226.9,93.4,54,5
2023-04-28T18:33:00.013827,wheel,19005,201.8,91.0,54,5
2023-04-28T18:33:00.513063,wheel,19005,184.6,91.0,54,5
2023-04-28T18:33:00.711950,crank,52853,208.9,94.0,54,5
2023-04-28T18:33:01.012435,wheel,19005,186.1,92.0,54,5
2023-04-28T18:33:01.211601,crank,52853,194.3,94.1,54,5
2023-04-28T18:33:01.511910,wheel,19005,189.3,92.0,54,5
2023-04-28T18:33:01.960472,crank,52853,192.1,93.0,54,5
2023-04-28T18:33:02.510613,wheel,19005,192.7,92.0,54,5
2023-04-28T18:33:02.958958,crank,52853,199.8,93.2,54,5
2023-04-28T18:33:03.009887,wheel,19005,188.4,91.0,54,5
2023-04-28T18:33:03.509471,wheel,19005,182.4,91.0,54,5
2023-04-28T18:33:03.708502,crank,52853,190.9,93.8,54,5
2023-04-28T18:33:03.957916,crank,52853,185.1,92.1,54,5
2023-04-28T18:33:04.008795,wheel,19005,183.3,91.0,54,5
2023-04-28T18:33:04.457385,crank,52853,199.4,93.0,54,5
2023-04-28T18:33:05.257212,wheel,19005,187.2,91.0,54,5
2023-04-28T18:33:05.455825,crank,52853,210.0,92.5,54,5
2023-04-28T18:33:05.506707,wheel,19005,197.3,91.0,54,5
2023-04-28T18:33:05.955272,crank,52853,209.9,93.7,54,5
2023-04-28T18:33:06.006191,wheel,19005,197.3,91.0,54,5
2023-04-28T18:33:06.505551,wheel,19005,194.9,91.0,54,5
2023-04-28T18:33:06.704284,crank,52853,206.7,93.4,54,5
2023-04-28T18:33:06.954526,crank,52853,212.8,92.9,54,5
2023-04-28T18:33:07.703282,crank,52853,213.0,93.4,54,5
2023-04-28T18:33:07.753953,wheel,19005,193.8,92.0,54,5
2023-04-28T18:33:08.003530,wheel,19005,190.9,91.0,54,5
2023-04-28T18:33:08.452335,crank,52853,207.2,93.7,54,5
2023-04-28T18:33:08.502958,wheel,19005,200.5,91.0,54,5
2023-04-28T18:33:09.002494,wheel,19005,205.4,92.0,54,5
2023-04-28T18:33:09.201192,crank,52853,212.9,94.2,54,5
2023-04-28T18:33:09.950229,crank,52853,210.7,93.6,54,5
2023-04-28T18:33:10.001012,wheel,19005,196.1,92.0,54,5
2023-04-28T18:33:10.449627,crank,52853,200.8,94.5,54,5
2023-04-28T18:33:10.500450,wheel,19005,192.7,92.0,54,5
2023-04-28T18:33:10.999810,wheel,19005,191.9,92.0,54,5
2023-04-28T18:33:11.198677,crank,52853,199.8,93.7,54,5
2023-04-28T18:33:11.448652,crank,52853,211.7,94.0,54,5
2023-04-28T18:33:11.499201,wheel,19005,194.4,92.0,54,5
2023-04-28T18:33:12.197679,crank,52853,212.8,94.5,54,5
2023-04-28T18:33:12.497845,wheel,19005,200.0,92.0,54,5
2023-04-28T18:33:12.946538,crank,52853,209.1,94.1,54,5
2023-04-28T18:33:12.997384,wheel,19005,191.9,91.0,54,5
2023-04-28T18:33:13.446133,crank,52853,205.0,93.5,54,5
2023-04-28T18:33:13.996212,wheel,19005,192.2,92.0,54,5
2023-04-28T18:33:14.194997,crank,52853,195.5,94.2,54,5
2023-04-28T18:33:14.495261,wheel,19005,189.3,92.0,54,5
2023-04-28T18:33:15.193874,crank,52853,196.3,94.2,54,5
2023-04-28T18:33:15.494180,wheel,19005,198.8,92.0,54,5
2023-04-28T18:33:15.693309,crank,52853,213.5,94.0,54,5
2023-04-28T18:33:15.943020,crank,52853,223.0,94.5,54,5
2023-04-28T18:33:15.993515,wheel,19005,199.2,92.0,54,5
2023-04-28T18:33:16.493027,wheel,19005,195.8,92.0,54,5
2023-04-28T18:33:16.691889,crank,52853,215.8,94.6,54,5
2023-04-28T18:33:17.191458,crank,52853,215.3,94.8,54,5
2023-04-28T18:33:17.241946,wheel,19005,195.4,93.0,54,5
2023-04-28T18:33:17.940453,crank,52853,209.9,94.5,54,5
2023-04-28T18:33:17.990867,wheel,19005,196.4,92.0,54,5
2023-04-28T18:33:18.490275,wheel,19005,206.5,92.0,54,5
2023-04-28T18:33:18.939455,crank,52853,202.4,94.9,54,5
2023-04-28T18:33:18.989710,wheel,19005,200.1,93.0,54,5
2023-04-28T18:33:19.188866,crank,52853,196.1,94.5,54,5
2023-04-28T18:33:19.488883,wheel,19005,180.0,93.0,54,5
2023-04-28T18:35:48.752697,crank,52853,222.8,94.0,54,2
2023-04-28T18:35:49.299195,wheel,19005,192.9,93.0,54,2
2023-04-28T18:35:49.501394,crank,52853,196.6,93.0,54,2
2023-04-28T18:35:49.751425,crank,52853,184.5,91.8,54,2
2023-04-28T18:35:49.797577,wheel,19005,177.2,93.0,54,2
2023-04-28T18:35:50.500287,crank,52853,198.4,90.5,54,2
2023-04-28T18:35:51.249267,crank,52853,208.4,93.0,54,2
2023-04-28T18:35:51.795037,wheel,19005,183.5,93.0,54,2
2023-04-28T18:35:51.998288,crank,52853,205.5,93.3,54,2
2023-04-28T18:35:52.294517,wheel,19005,190.0,93.0,54,2
2023-04-28T18:35:52.497657,crank,52853,202.6,93.7,54,2
2023-04-28T18:35:52.793675,wheel,19005,189.1,93.0,54,2
2023-04-28T18:35:53.246694,crank,52853,192.4,92.3,54,2
2023-04-28T18:35:53.293031,wheel,19005,187.9,93.0,54,2
2023-04-28T18:35:53.746095,crank,52853,185.0,92.5,54,2
2023-04-28T18:35:54.245582,crank,52853,177.0,90.8,54,2
2023-04-28T18:35:54.291874,wheel,19005,178.2,93.0,54,2
2023-04-28T18:35:54.994555,crank,52853,186.3,89.4,54,2
2023-04-28T18:35:55.040807,wheel,19005,174.2,92.0,54,2
2023-04-28T18:35:55.290691,wheel,19005,178.1,92.0,54,2
2023-04-28T18:35:55.743577,crank,52853,185.8,93.4,54,2
2023-04-28T18:35:55.789833,wheel,19005,179.7,91.0,54,2
2023-04-28T18:35:56.493114,crank,52853,179.1,90.0,54,2
2023-04-28T18:35:56.788681,wheel,19005,179.9,91.0,54,2
2023-04-28T18:35:57.241814,crank,52853,184.0,90.4,54,2
2023-04-28T18:35:57.537592,wheel,19005,178.9,91.0,54,2
2023-04-28T18:35:57.787542,wheel,19005,178.4,90.0,54,2
2023-04-28T18:35:58.240828,crank,52853,183.7,89.5,54,2
2023-04-28T18:35:58.286705,wheel,19005,176.9,90.0,54,2
2023-04-28T18:35:58.989795,crank,52853,199.9,89.2,54,2
2023-04-28T18:35:59.285376,wheel,19005,176.8,90.0,54,2
2023-04-28T18:35:59.784851,wheel,19005,178.1,90.0,54,2
2023-04-28T18:36:00.238242,crank,52853,194.2,89.8,54,2
2023-04-28T18:36:00.284258,wheel,19005,178.1,90.0,54,2
2023-04-28T18:36:00.783525,wheel,19005,178.1,89.0,54,2
2023-04-28T18:36:00.987276,crank,52853,178.1,89.5,54,2
2023-04-28T18:36:01.736131,crank,52853,180.5,89.1,54,2
2023-04-28T18:36:01.782234,wheel,19005,177.0,90.0,54,2
2023-04-28T18:36:02.281656,wheel,19005,177.0,90.0,54,2
2023-04-28T18:36:02.735148,crank,52853,194.7,90.0,54,2
2023-04-28T18:36:02.781000,wheel,19005,185.1,90.0,54,2
2023-04-28T18:36:03.234511,crank,52853,218.0,89.4,54,2
2023-04-28T18:36:03.280410,wheel,19005,207.0,90.0,54,2
2023-04-28T18:36:03.983550,crank,52853,218.4,93.0,54,2
2023-04-28T18:36:04.278976,wheel,19005,216.3,92.0,54,2
2023-04-28T18:36:04.732389,crank,52853,199.4,92.6,54,2
2023-04-28T18:36:04.778483,wheel,19005,198.9,92.0,54,2
2023-04-28T18:36:05.277813,wheel,19005,200.2,92.0,54,2
2023-04-28T18:36:05.481460,crank,52853,216.4,91.0,54,2
2023-04-28T18:36:05.731455,crank,52853,226.2,93.5,54,2
2023-04-28T18:36:05.777316,wheel,19005,204.2,92.0,54,2
2023-04-28T18:36:06.230751,crank,52853,207.2,93.2,54,2
2023-04-28T18:36:06.775822,wheel,19005,197.9,93.0,54,2
2023-04-28T18:36:07.275215,wheel,19005,190.0,93.0,54,2
2023-04-28T18:36:07.728664,crank,52853,198.3,92.3,54,2
2023-04-28T18:36:08.477722,crank,52853,198.8,92.3,54,2
2023-04-28T18:36:08.773396,wheel,19005,186.6,93.0,54,2
2023-04-28T18:36:09.476521,crank,52853,221.3,92.5,54,2
2023-04-28T18:36:10.271371,wheel,19005,196.4,93.0,54,2
2023-04-28T18:36:10.975072,crank,52853,199.9,93.6,54,2
2023-04-28T18:36:11.723931,crank,52853,188.5,92.6,54,2
2023-04-28T18:36:11.769579,wheel,19005,182.2,93.0,54,2
2023-04-28T18:36:12.473015,crank,52853,191.3,91.8,54,2
2023-04-28T18:36:12.518732,wheel,19005,180.7,93.0,54,2
2023-04-28T18:36:12.722496,crank,52853,192.7,92.5,54,2
2023-04-28T18:36:13.767158,wheel,19005,176.4,93.0,54,2
2023-04-28T18:36:13.971375,crank,52853,178.3,91.9,54,2
2023-04-28T18:36:14.016672,wheel,19005,169.2,92.0,54,2
2023-04-28T18:36:14.720192,crank,52853,195.1,91.4,54,2
2023-04-28T18:36:15.015354,wheel,19005,172.3,92.0,54,2
2023-04-28T18:36:15.469049,crank,52853,191.4,91.8,54,2
2023-04-28T18:36:15.514886,wheel,19005,180.0,92.0,54,2
2023-04-28T18:36:16.014182,wheel,19005,183.2,92.0,54,2
2023-04-28T18:36:16.468009,crank,52853,200.2,92.5,54,2
2023-04-28T18:36:16.513663,wheel,19005,187.5,92.0,54,2
2023-04-28T18:36:16.967446,crank,52853,213.4,93.2,54,2
2023-04-28T18:36:17.216952,crank,52853,220.6,93.9,54,2
2023-04-28T18:36:17.965907,crank,52853,221.5,94.7,54,2
2023-04-28T18:36:18.465529,crank,52853,202.6,94.1,54,2
2023-04-28T18:36:19.010424,wheel,19005,201.2,95.0,54,2
2023-04-28T18:36:19.214353,crank,52853,194.6,94.2,54,2
2023-04-28T18:36:19.963698,crank,52853,190.3,93.5,54,2
2023-04-28T18:36:20.258800,wheel,19005,192.8,94.0,54,2
2023-04-28T18:36:20.712728,crank,52853,190.7,92.8,54,2
2023-04-28T18:36:21.007761,wheel,19005,188.0,94.0,54,2
2023-04-28T18:36:21.461705,crank,52853,192.3,92.7,54,2
2023-04-28T18:36:21.756772,wheel,19005,186.5,92.0,54,2
2023-04-28T18:36:22.210669,crank,52853,196.8,92.2,54,2
2023-04-28T18:36:22.460770,crank,52853,196.2,92.0,54,2
2023-04-28T18:36:23.254974,wheel,19005,185.6,93.0,54,2
2023-04-28T18:36:23.708999,crank,52853,203.3,92.5,54,2
2023-04-28T18:36:23.754324,wheel,19005,188.6,93.0,54,2
2023-04-28T18:36:24.253609,wheel,19005,196.9,93.0,54,2
2023-04-28T18:36:24.707657,crank,52853,217.2,94.0,54,2
2023-04-28T18:36:24.752957,wheel,19005,200.9,93.0,54,2
2023-04-28T18:36:25.706289,crank,52853,208.6,93.7,54,2
2023-04-28T18:36:26.205868,crank,52853,199.8,93.7,54,2
2023-04-28T18:36:26.251189,wheel,19005,193.4,93.0,54,2
2023-04-28T18:36:26.750649,wheel,19005,190.3,93.0,54,2
2023-04-28T18:36:26.954719,crank,52853,208.8,92.7,54,2
2023-04-28T18:36:27.249868,wheel,19005,189.1,94.0,54,2
2023-04-28T18:36:27.703779,crank,52853,213.2,93.9,54,2
2023-04-28T18:36:27.749154,wheel,19005,189.1,94.0,54,2
2023-04-28T18:36:28.453191,crank,52853,204.4,93.7,54,2
2023-04-28T18:36:28.747922,wheel,19005,189.7,94.0,54,2
2023-04-28T18:36:29.496900,wheel,19005,190.0,94.0,54,2
2023-04-28T18:36:29.746836,wheel,19005,189.9,94.0,54,2
2023-04-28T18:36:29.951008,crank,52853,193.9,93.9,54,2
2023-04-28T18:36:30.245961,wheel,19005,190.2,94.0,54,2
2023-04-28T18:36:30.700042,crank,52853,202.7,93.9,54,2
2023-04-28T18:36:31.244701,wheel,19005,189.6,93.0,54,2
2023-04-28T18:36:31.449590,crank,52853,202.0,93.4,54,2
2023-04-28T18:36:31.993741,wheel,19005,188.9,93.0,54,2
2023-04-28T18:36:32.198412,crank,52853,206.0,93.9,54,2
2023-04-28T18:36:32.243562,wheel,19005,188.8,94.0,54,2
2023-04-28T18:36:32.742986,wheel,19005,189.1,94.0,54,2
2023-04-28T18:36:32.947354,crank,52853,205.6,93.4,54,2
2023-04-28T18:36:33.696332,crank,52853,221.1,94.9,54,2
2023-04-28T18:36:33.741552,wheel,19005,192.6,94.0,54,2
2023-04-28T18:36:33.946240,crank,52853,221.4,95.0,54,2
2023-04-28T18:36:34.240856,wheel,19005,198.1,95.0,54,2
2023-04-28T18:36:34.740429,wheel,19005,197.1,95.0,54,2
2023-04-28T18:36:35.194603,crank,52853,206.2,95.8,54,2
2023-04-28T18:36:35.239732,wheel,19005,195.6,96.0,54,2
2023-04-28T18:36:35.943525,crank,52853,203.1,95.2,54,2
2023-04-28T18:36:36.238473,wheel,19005,194.4,94.0,54,2
2023-04-28T18:36:36.692582,crank,52853,199.2,94.2,54,2
2023-04-28T18:36:36.737703,wheel,19005,193.5,94.0,54,2
2023-04-28T18:36:37.237070,wheel,19005,192.9,95.0,54,2
2023-04-28T18:36:37.442079,crank,52853,200.1,94.7,54,2
2023-04-28T18:36:37.691589,crank,52853,204.9,95.2,54,2
2023-04-28T18:36:37.736569,wheel,19005,192.3,95.0,54,2
2023-04-28T18:36:38.735416,wheel,19005,192.3,95.0,54,2
2023-04-28T18:36:38.939835,crank,52853,206.5,94.6,54,2
2023-04-28T18:36:39.234524,wheel,19005,192.9,95.0,54,2
2023-04-28T18:36:39.688851,crank,52853,195.0,94.9,54,2
2023-04-28T18:36:39.733925,wheel,19005,193.2,95.0,54,2
2023-04-28T18:36:40.188244,crank,52853,193.7,93.8,54,2
2023-04-28T18:36:40.233472,wheel,19005,187.3,95.0,54,2
2023-04-28T18:36:40.937302,crank,52853,202.3,93.5,54,2
2023-04-28T18:36:41.232261,wheel,19005,184.1,95.0,54,2
2023-04-28T18:36:41.731673,wheel,19005,187.9,93.0,54,2
2023-04-28T18:36:42.185784,crank,52853,199.1,94.2,54,2
2023-04-28T18:36:42.230729,wheel,19005,188.8,94.0,54,2
2023-04-28T18:36:42.730076,wheel,19005,190.9,94.0,54,2
2023-04-28T18:36:42.935062,crank,52853,203.1,94.3,54,2
2023-04-28T18:36:43.728872,wheel,19005,194.1,95.0,54,2
2023-04-28T18:36:44.228219,wheel,19005,194.8,95.0,54,2
2023-04-28T18:36:44.432936,crank,52853,216.0,94.9,54,2
2023-04-28T18:36:44.727746,wheel,19005,193.9,95.0,54,2
2023-04-28T18:36:45.431920,crank,52853,193.1,94.8,54,2
2023-04-28T18:36:45.931279,crank,52853,189.9,93.7,54,2
2023-04-28T18:36:46.225728,wheel,19005,191.9,93.0,54,2
2023-04-28T18:36:46.680263,crank,52853,187.8,93.2,54,2
2023-04-28T18:36:46.725149,wheel,19005,190.0,93.0,54,2
2023-04-28T18:36:47.224457,wheel,19005,188.5,94.0,54,2
2023-04-28T18:36:47.973613,wheel,19005,186.7,94.0,54,2
2023-04-28T18:36:48.178682,crank,52853,200.1,92.9,54,2
2023-04-28T18:36:48.722468,wheel,19005,188.1,93.0,54,2
2023-04-28T18:36:48.927511,crank,52853,202.6,93.7,54,2
2023-04-28T18:36:49.177073,crank,52853,209.6,93.5,54,2
2023-04-28T18:36:49.221849,wheel,19005,193.2,93.0,54,2
2023-04-28T18:36:49.721264,wheel,19005,195.9,94.0,54,2
2023-04-28T18:36:50.425496,crank,52853,207.7,94.1,54,2
2023-04-28T18:36:50.470226,wheel,19005,195.2,94.0,54,2
2023-04-28T18:36:51.174893,crank,52853,193.7,94.2,54,2
2023-04-28T18:36:51.219277,wheel,19005,192.4,95.0,54,2
2023-04-28T18:36:51.718673,wheel,19005,190.5,93.0,54,2
2023-04-28T18:36:52.173338,crank,52853,181.2,93.9,54,2
2023-04-28T18:36:52.218003,wheel,19005,183.0,93.0,54,2
2023-04-28T18:36:52.672694,crank,52853,181.6,92.2,54,2
2023-04-28T18:36:52.717576,wheel,19005,174.7,94.0,54,2
2023-04-28T18:36:53.421744,crank,52853,184.0,91.3,54,2
2023-04-28T18:36:53.671662,crank,52853,189.3,91.7,54,2
2023-04-28T18:36:53.716254,wheel,19005,169.2,92.0,54,2
2023-04-28T18:36:54.215661,wheel,19005,175.9,92.0,54,2
2023-04-28T18:36:54.420737,crank,52853,192.9,92.5,54,2
2023-04-28T18:36:54.714814,wheel,19005,181.4,92.0,54,2
2023-04-28T18:36:55.169596,crank,52853,205.6,92.5,54,2
2023-04-28T18:36:55.214178,wheel,19005,185.2,92.0,54,2
2023-04-28T18:36:55.918934,crank,52853,211.6,93.2,54,2
2023-04-28T18:36:56.212971,wheel,19005,187.9,93.0,54,2
2023-04-28T18:36:56.667937,crank,52853,206.8,94.7,54,2
2023-04-28T18:36:56.917395,crank,52853,198.8,94.0,54,2
2023-04-28T18:36:57.211731,wheel,19005,190.2,93.0,54,2
2023-04-28T18:36:57.710998,wheel,19005,191.3,95.0,54,2
2023-04-28T18:36:58.165803,crank,52853,196.8,94.2,54,2
2023-04-28T18:36:58.210367,wheel,19005,190.8,95.0,54,2
2023-04-28T18:36:58.915326,crank,52853,194.9,93.9,54,2
2023-04-28T18:36:59.209194,wheel,19005,189.7,95.0,54,2
2023-04-28T18:36:59.664188,crank,52853,197.7,93.5,54,2
2023-04-28T18:36:59.708574,wheel,19005,188.8,94.0,54,2
2023-04-28T18:37:00.208106,wheel,19005,189.1,94.0,54,2
2023-04-28T18:37:00.663040,crank,52853,202.0,93.8,54,2
2023-04-28T18:37:01.162102,crank,52853,203.2,93.5,54,2
2023-04-28T18:37:01.206555,wheel,19005,189.9,94.0,54,2
2023-04-28T18:37:01.412021,crank,52853,204.9,94.3,54,2
2023-04-28T18:37:02.160867,crank,52853,199.8,94.1,54,2
2023-04-28T18:37:02.205563,wheel,19005,190.4,93.0,54,2
2023-04-28T18:37:02.660426,crank,52853,198.6,94.8,54,2
2023-04-28T18:37:02.704784,wheel,19005,192.1,95.0,54,2
2023-04-28T18:37:03.204121,wheel,19005,192.9,95.0,54,2
2023-04-28T18:37:03.409335,crank,52853,211.2,94.2,54,2
2023-04-28T18:37:03.953283,wheel,19005,193.2,95.0,54,2
2023-04-28T18:37:04.408291,crank,52853,208.0,94.9,54,2
2023-04-28T18:37:04.702088,wheel,19005,193.1,95.0,54,2
2023-04-28T18:37:04.907675,crank,52853,196.9,94.5,54,2
2023-04-28T18:37:05.157144,crank,52853,196.4,95.1,54,2
2023-04-28T18:37:05.201485,wheel,19005,190.3,95.0,54,2
2023-04-28T18:37:05.700895,wheel,19005,187.9,95.0,54,2
2023-04-28T18:37:05.906227,crank,52853,195.3,94.6,54,2
2023-04-28T18:37:06.405579,crank,52853,202.9,94.2,54,2
2023-04-28T18:37:06.449910,wheel,19005,188.6,95.0,54,2
2023-04-28T18:37:07.154971,crank,52853,201.7,95.0,54,2
2023-04-28T18:37:07.199035,wheel,19005,190.5,94.0,54,2
2023-04-28T18:37:07.698283,wheel,19005,192.6,95.0,54,2
2023-04-28T18:37:07.903912,crank,52853,194.5,95.5,54,2
2023-04-28T18:37:08.197656,wheel,19005,193.2,95.0,54,2
2023-04-28T18:37:08.652806,crank,52853,199.3,94.7,54,2
2023-04-28T18:37:08.697160,wheel,19005,192.9,95.0,54,2
2023-04-28T18:37:09.401810,crank,52853,206.7,95.1,54,2
2023-04-28T18:37:09.651778,crank,52853,211.4,95.5,54,2
2023-04-28T18:37:09.695953,wheel,19005,193.8,96.0,54,2
2023-04-28T18:37:10.195196,wheel,19005,196.2,96.0,54,2
2023-04-28T18:37:10.400817,crank,52853,214.2,96.8,54,2
2023-04-28T18:37:10.694488,wheel,19005,196.8,96.0,54,2
2023-04-28T18:37:11.149701,crank,52853,202.2,95.6,54,2
2023-04-28T18:37:11.193860,wheel,19005,197.1,96.0,54,2
2023-04-28T18:37:11.899015,crank,52853,197.1,96.4,54,2
2023-04-28T18:37:12.148659,crank,52853,195.7,95.7,54,2
2023-04-28T18:37:12.192696,wheel,19005,196.1,95.0,54,2
2023-04-28T18:37:12.692213,wheel,19005,195.1,96.0,54,2
2023-04-28T18:37:13.191500,wheel,19005,195.0,96.0,54,2
2023-04-28T18:37:13.396983,crank,52853,198.5,95.4,54,2
2023-04-28T18:37:13.690684,wheel,19005,194.8,96.0,54,2
2023-04-28T18:37:14.145989,crank,52853,206.7,95.5,54,2
2023-04-28T18:37:14.689628,wheel,19005,196.6,96.0,54,2
2023-04-28T18:37:14.895390,crank,52853,214.6,95.3,54,2
2023-04-28T18:37:15.188814,wheel,19005,210.0,96.0,54,2
2023-04-28T18:37:15.688363,wheel,19005,214.9,97.0,54,2
2023-04-28T18:37:15.893798,crank,52853,226.5,97.2,54,2
2023-04-28T18:37:16.187746,wheel,19005,213.5,97.0,54,2
2023-04-28T18:37:16.643132,crank,52853,200.9,96.8,54,2
2023-04-28T18:37:17.142208,crank,52853,181.9,97.7,54,2
2023-04-28T18:37:17.186213,wheel,19005,206.7,97.0,54,2
2023-04-28T18:37:17.685589,wheel,19005,192.5,97.0,54,2
2023-04-28T18:37:17.891709,crank,52853,175.9,91.6,54,2
2023-04-28T18:37:18.185036,wheel,19005,177.2,97.0,54,2
2023-04-28T18:37:18.640579,crank,52853,180.5,98.0,54,2
2023-04-28T18:37:18.684480,wheel,19005,167.6,96.0,54,2
2023-04-28T18:37:19.389382,crank,52853,164.5,95.4,54,2
2023-04-28T18:37:19.639396,crank,52853,200.6,95.3,54,2
2023-04-28T18:37:19.932891,wheel,19005,176.9,96.0,54,2
2023-04-28T18:37:20.182417,wheel,19005,189.9,96.0,54,2
2023-04-28T18:37:20.681761,wheel,19005,200.3,96.0,54,2
2023-04-28T18:37:20.887888,crank,52853,209.8,96.8,54,2
2023-04-28T18:37:21.181354,wheel,19005,212.9,97.0,54,2
2023-04-28T18:37:21.636862,crank,52853,223.9,98.1,54,2
2023-04-28T18:37:22.429537,wheel,19005,215.2,97.0,54,2
2023-04-28T18:37:22.679409,wheel,19005,205.9,97.0,54,2
2023-04-28T18:37:23.178655,wheel,19005,201.9,97.0,54,2
2023-04-28T18:37:23.677968,wheel,19005,199.1,97.0,54,2
2023-04-28T18:37:24.633116,crank,52853,208.1,96.2,54,2
2023-04-28T18:37:24.926369,wheel,19005,197.1,97.0,54,2
2023-04-28T18:37:25.176166,wheel,19005,195.1,96.0,54,2
2023-04-28T18:37:25.631849,crank,52853,215.0,95.5,54,2
2023-04-28T18:37:25.675490,wheel,19005,194.8,96.0,54,2
2023-04-28T18:37:26.174810,wheel,19005,195.0,96.0,54,2
2023-04-28T18:37:27.129759,crank,52853,203.3,95.5,54,2
2023-04-28T18:37:27.173541,wheel,19005,194.1,95.0,54,2
2023-04-28T18:37:27.878869,crank,52853,208.6,95.5,54,2
2023-04-28T18:37:28.172336,wheel,19005,193.8,96.0,54,2
2023-04-28T18:37:28.671835,wheel,19005,190.4,96.0,54,2
2023-04-28T18:37:28.877590,crank,52853,195.6,94.7,54,2
2023-04-28T18:37:29.170986,wheel,19005,188.7,95.0,54,2
2023-04-28T18:37:29.377179,crank,52853,195.5,94.7,54,2
2023-04-28T18:37:30.169696,wheel,19005,190.7,95.0,54,2
2023-04-28T18:37:30.669261,wheel,19005,191.3,95.0,54,2
2023-04-28T18:37:30.875510,crank,52853,195.9,94.4,54,2
2023-04-28T18:37:31.168497,wheel,19005,191.3,95.0,54,2
2023-04-28T18:37:31.668032,wheel,19005,196.8,95.0,54,2
2023-04-28T18:37:32.373443,crank,52853,212.9,94.5,54,2
2023-04-28T18:37:32.666531,wheel,19005,202.0,94.0,54,2
2023-04-28T18:37:33.165892,wheel,19005,199.1,96.0,54,2
2023-04-28T18:37:33.372417,crank,52853,213.9,95.2,54,2
2023-04-28T18:37:33.665510,wheel,19005,191.0,96.0,54,2
2023-04-28T18:37:34.121250,crank,52853,186.2,94.5,54,2
2023-04-28T18:37:34.164784,wheel,19005,186.8,95.0,54,2
2023-04-28T18:37:35.163612,wheel,19005,184.1,95.0,54,2
2023-04-28T18:37:35.662718,wheel,19005,188.3,95.0,54,2
2023-04-28T18:37:36.162077,wheel,19005,190.1,95.0,54,2
2023-04-28T18:37:36.661445,wheel,19005,191.5,95.0,54,2
2023-04-28T18:37:36.868034,crank,52853,201.4,94.3,54,2
2023-04-28T18:37:37.616926,crank,52853,214.6,95.3,54,2
2023-04-28T18:37:37.660285,wheel,19005,193.5,94.0,54,2
2023-04-28T18:37:38.409366,wheel,19005,194.0,96.0,54,2
2023-04-28T18:37:38.658920,wheel,19005,194.2,96.0,54,2
2023-04-28T18:37:39.158260,wheel,19005,195.1,96.0,54,2
2023-04-28T18:37:40.115397,crank,52853,208.5,95.6,54,2
2023-04-28T18:37:40.157227,wheel,19005,194.3,96.0,54,2
2023-04-28T18:37:40.613074,crank,52853,187.2,95.0,54,2
2023-04-28T18:37:40.906072,wheel,19005,182.2,96.0,54,2
2023-04-28T18:37:41.155828,wheel,19005,169.7,96.0,54,2
2023-04-28T18:37:41.362061,crank,52853,173.2,93.0,54,2
2023-04-28T18:37:41.655323,wheel,19005,160.5,94.0,54,2
2023-04-28T18:37:42.361014,crank,52853,193.2,92.8,54,2
2023-04-28T18:37:42.653810,wheel,19005,175.8,92.0,54,2
2023-04-28T18:37:43.109846,crank,52853,195.4,94.2,54,2
2023-04-28T18:37:43.153441,wheel,19005,185.7,92.0,54,2
2023-04-28T18:37:43.652661,wheel,19005,188.1,94.0,54,2
2023-04-28T18:37:43.858919,crank,52853,195.5,94.2,54,2
2023-04-28T18:37:44.152088,wheel,19005,189.9,94.0,54,2
2023-04-28T18:37:44.608205,crank,52853,207.5,94.2,54,2
2023-04-28T18:37:45.150727,wheel,19005,190.8,94.0,54,2
2023-04-28T18:37:45.650018,wheel,19005,192.1,95.0,54,2
2023-04-28T18:37:46.149389,wheel,19005,191.9,95.0,54,2
2023-04-28T18:37:46.648847,wheel,19005,192.1,95.0,54,2
2023-04-28T18:37:46.855457,crank,52853,204.9,94.6,54,2
2023-04-28T18:37:47.647729,wheel,19005,189.2,94.0,54,2
2023-04-28T18:37:47.853929,crank,52853,184.9,93.0,54,2
2023-04-28T18:37:48.147145,wheel,19005,180.2,94.0,54,2
2023-04-28T18:37:48.646188,wheel,19005,172.1,94.0,54,2
2023-04-28T18:37:49.102375,crank,52853,186.3,92.8,54,2
2023-04-28T18:37:49.145568,wheel,19005,173.0,94.0,54,2
2023-04-28T18:37:50.144358,wheel,19005,188.8,93.0,54,2
2023-04-28T18:37:50.850149,crank,52853,201.4,93.1,54,2
2023-04-28T18:37:50.893355,wheel,19005,197.2,94.0,54,2
2023-04-28T18:37:51.143192,wheel,19005,192.1,94.0,54,2
2023-04-28T18:37:51.349532,crank,52853,196.5,93.0,54,2
2023-04-28T18:37:51.642442,wheel,19005,190.0,94.0,54,2
2023-04-28T18:37:52.348424,crank,52853,204.4,93.7,54,2
2023-04-28T18:37:52.641137,wheel,19005,189.7,93.0,54,2
2023-04-28T18:37:52.848145,crank,52853,198.1,93.7,54,2
2023-04-28T18:37:53.140597,wheel,19005,189.9,93.0,54,2
2023-04-28T18:37:53.597031,crank,52853,196.3,93.7,54,2
2023-04-28T18:37:53.639987,wheel,19005,190.0,94.0,54,2
2023-04-28T18:37:54.388877,wheel,19005,189.9,94.0,54,2
2023-04-28T18:40:35.933719,wheel,19005,206.2,88.0,40,7
2023-04-28T18:40:36.433045,wheel,19005,202.3,89.0,40,7
2023-04-28T18:40:36.889916,crank,52853,214.3,90.8,40,7
2023-04-28T18:40:37.431755,wheel,19005,199.0,89.0,40,7
2023-04-28T18:40:37.638592,crank,52853,230.1,92.9,40,7
2023-04-28T18:40:37.931198,wheel,19005,205.2,89.0,40,7
2023-04-28T18:40:38.137987,crank,52853,223.4,92.7,40,7
2023-04-28T18:40:38.430394,wheel,19005,205.2,90.0,40,7
2023-04-28T18:40:38.887118,crank,52853,208.1,93.2,40,7
2023-04-28T18:40:38.929628,wheel,19005,199.3,90.0,40,7
2023-04-28T18:40:39.636254,crank,52853,205.9,93.1,40,7
2023-04-28T18:40:40.385182,crank,52853,201.4,91.8,40,7
2023-04-28T18:40:40.427743,wheel,19005,192.7,89.0,40,7
2023-04-28T18:40:40.927302,wheel,19005,181.4,89.0,40,7
2023-04-28T18:40:41.134678,crank,52853,192.8,92.0,40,7
2023-04-28T18:40:41.384170,crank,52853,190.5,91.8,40,7
2023-04-28T18:40:41.426616,wheel,19005,180.7,90.0,40,7
2023-04-28T18:40:41.925909,wheel,19005,187.2,90.0,40,7
2023-04-28T18:40:42.133004,crank,52853,194.3,91.5,40,7
2023-04-28T18:40:42.632385,crank,52853,192.8,91.2,40,7
2023-04-28T18:40:42.924608,wheel,19005,180.4,89.0,40,7
2023-04-28T18:40:43.381465,crank,52853,191.1,91.2,40,7
2023-04-28T18:40:43.423920,wheel,19005,178.4,89.0,40,7
2023-04-28T18:40:43.923264,wheel,19005,185.0,89.0,40,7
2023-04-28T18:40:44.130686,crank,52853,192.8,91.2,40,7
2023-04-28T18:40:44.422629,wheel,19005,186.8,88.0,40,7
2023-04-28T18:40:45.129769,crank,52853,201.1,90.1,40,7
2023-04-28T18:40:45.421548,wheel,19005,187.0,87.0,40,7
2023-04-28T18:40:45.628717,crank,52853,204.0,90.6,40,7
2023-04-28T18:40:45.920793,wheel,19005,185.6,87.0,40,7
2023-04-28T18:40:46.377940,crank,52853,198.4,90.1,40,7
2023-04-28T18:40:46.669800,wheel,19005,183.8,88.0,40,7
2023-04-28T18:40:46.919601,wheel,19005,183.9,88.0,40,7
2023-04-28T18:40:47.126769,crank,52853,200.3,89.8,40,7
2023-04-28T18:40:47.376524,crank,52853,191.5,90.2,40,7
2023-04-28T18:40:47.918175,wheel,19005,180.4,87.0,40,7
2023-04-28T18:40:48.125764,crank,52853,183.0,89.0,40,7
2023-04-28T18:40:48.417569,wheel,19005,174.7,87.0,40,7
2023-04-28T18:40:48.874582,crank,52853,191.1,89.6,40,7
2023-04-28T18:40:49.166880,wheel,19005,177.9,87.0,40,7
2023-04-28T18:40:49.416398,wheel,19005,181.3,87.0,40,7
2023-04-28T18:40:49.624126,crank,52853,190.5,89.3,40,7
2023-04-28T18:40:50.372844,crank,52853,175.1,89.3,40,7
2023-04-28T18:40:50.415131,wheel,19005,168.2,85.0,40,7
2023-04-28T18:40:50.914658,wheel,19005,179.7,85.0,40,7
2023-04-28T18:40:51.121791,crank,52853,180.3,87.3,40,7
2023-04-28T18:40:51.372012,crank,52853,195.1,88.6,40,7
2023-04-28T18:40:51.413938,wheel,19005,179.8,86.0,40,7
2023-04-28T18:40:51.913131,wheel,19005,175.1,86.0,40,7
2023-04-28T18:40:52.620154,crank,52853,198.4,88.9,40,7
2023-04-28T18:40:52.911876,wheel,19005,186.9,86.0,40,7
2023-04-28T18:40:53.411205,wheel,19005,178.8,86.0,40,7
2023-04-28T18:40:53.619163,crank,52853,194.0,88.7,40,7
2023-04-28T18:40:53.910742,wheel,19005,174.9,86.0,40,7
2023-04-28T18:40:54.118167,crank,52853,188.8,88.1,40,7
2023-04-28T18:40:54.409998,wheel,19005,175.2,86.0,40,7
2023-04-28T18:40:55.116831,crank,52853,196.4,88.0,40,7
2023-04-28T18:40:55.408979,wheel,19005,185.5,85.0,40,7
2023-04-28T18:40:55.616192,crank,52853,214.6,89.1,40,7
2023-04-28T18:40:55.908114,wheel,19005,189.5,85.0,40,7
2023-04-28T18:40:56.365301,crank,52853,216.4,89.1,40,7
2023-04-28T18:40:56.407412,wheel,19005,189.6,86.0,40,7
2023-04-28T18:40:56.906774,wheel,19005,189.2,86.0,40,7
2023-04-28T18:40:57.114510,crank,52853,211.5,88.9,40,7
2023-04-28T18:40:57.863400,crank,52853,201.9,90.1,40,7
2023-04-28T18:40:57.905495,wheel,19005,185.3,87.0,40,7
2023-04-28T18:40:58.113543,crank,52853,195.5,90.0,40,7
2023-04-28T18:40:58.404985,wheel,19005,183.2,87.0,40,7
2023-04-28T18:40:59.153925,wheel,19005,185.0,87.0,40,7
2023-04-28T18:40:59.361787,crank,52853,204.8,88.7,40,7
2023-04-28T18:40:59.403759,wheel,19005,185.7,87.0,40,7
2023-04-28T18:41:00.360776,crank,52853,205.3,90.0,40,7
2023-04-28T18:41:00.402409,wheel,19005,184.5,86.0,40,7
2023-04-28T18:41:00.859743,crank,52853,201.6,88.8,40,7
2023-04-28T18:41:00.901709,wheel,19005,184.0,86.0,40,7
2023-04-28T18:41:01.401041,wheel,19005,184.0,87.0,40,7
2023-04-28T18:41:01.608950,crank,52853,195.3,90.3,40,7
2023-04-28T18:41:01.900408,wheel,19005,183.7,87.0,40,7
2023-04-28T18:41:02.357809,crank,52853,185.2,89.7,40,7
2023-04-28T18:41:02.899179,wheel,19005,183.0,87.0,40,7
2023-04-28T18:41:03.356785,crank,52853,187.1,89.8,40,7
2023-04-28T18:41:03.398601,wheel,19005,182.0,87.0,40,7
2023-04-28T18:41:03.606280,crank,52853,192.2,88.8,40,7
2023-04-28T18:41:03.897934,wheel,19005,180.3,87.0,40,7
2023-04-28T18:41:04.105624,crank,52853,191.4,89.7,40,7
2023-04-28T18:41:04.646929,wheel,19005,178.8,87.0,40,7
2023-04-28T18:41:04.855158,crank,52853,204.4,89.2,40,7
2023-04-28T18:41:05.396094,wheel,19005,198.5,87.0,40,7
2023-04-28T18:41:05.853447,crank,52853,223.1,89.4,40,7
2023-04-28T18:41:05.895322,wheel,19005,203.7,86.0,40,7
2023-04-28T18:41:06.352851,crank,52853,224.2,90.5,40,7
2023-04-28T18:41:06.394707,wheel,19005,193.0,86.0,40,7
2023-04-28T18:41:06.894064,wheel,19005,189.0,88.0,40,7
2023-04-28T18:41:07.102117,crank,52853,207.1,89.6,40,7
2023-04-28T18:41:07.892915,wheel,19005,185.4,88.0,40,7
2023-04-28T18:41:08.100728,crank,52853,198.1,90.3,40,7
2023-04-28T18:41:08.392256,wheel,19005,184.0,88.0,40,7
2023-04-28T18:41:08.849935,crank,52853,192.3,88.9,40,7
2023-04-28T18:41:08.891652,wheel,19005,183.3,87.0,40,7
2023-04-28T18:41:09.391211,wheel,19005,182.9,87.0,40,7
2023-04-28T18:41:09.598797,crank,52853,192.3,89.3,40,7
2023-04-28T18:41:10.347865,crank,52853,167.8,88.3,40,7
2023-04-28T18:41:10.847314,crank,52853,169.0,89.4,40,7
2023-04-28T18:41:10.888974,wheel,19005,163.4,85.0,40,7
2023-04-28T18:41:11.388356,wheel,19005,172.5,85.0,40,7
2023-04-28T18:41:11.596511,crank,52853,217.6,86.2,40,7
2023-04-28T18:41:11.887691,wheel,19005,188.9,86.0,40,7
2023-04-28T18:41:12.345352,crank,52853,241.6,89.5,40,7
2023-04-28T18:41:12.387277,wheel,19005,194.8,86.0,40,7
2023-04-28T18:41:13.344325,crank,52853,202.8,89.3,40,7
2023-04-28T18:41:13.385936,wheel,19005,186.0,86.0,40,7
2023-04-28T18:41:13.843722,crank,52853,184.8,89.5,40,7
2023-04-28T18:41:13.885297,wheel,19005,181.2,86.0,40,7
2023-04-28T18:41:14.384776,wheel,19005,180.0,86.0,40,7
2023-04-28T18:41:14.592588,crank,52853,184.0,88.3,40,7
2023-04-28T18:41:14.883933,wheel,19005,179.4,86.0,40,7
2023-04-28T18:41:15.341653,crank,52853,193.2,88.5,40,7
2023-04-28T18:41:15.591518,crank,52853,187.8,88.0,40,7
2023-04-28T18:41:15.882619,wheel,19005,176.5,85.0,40,7
2023-04-28T18:41:16.340375,crank,52853,178.4,87.6,40,7
2023-04-28T18:41:16.382015,wheel,19005,166.1,85.0,40,7
2023-04-28T18:41:16.881423,wheel,19005,162.3,85.0,40,7
2023-04-28T18:41:17.089934,crank,52853,173.3,87.1,40,7
2023-04-28T18:41:17.380761,wheel,19005,167.0,85.0,40,7
2023-04-28T18:41:18.338120,crank,52853,199.3,87.4,40,7
2023-04-28T18:41:18.879076,wheel,19005,179.8,85.0,40,7
2023-04-28T18:41:19.336956,crank,52853,209.1,87.9,40,7
2023-04-28T18:41:19.378237,wheel,19005,189.5,85.0,40,7
2023-04-28T18:41:19.877572,wheel,19005,188.5,86.0,40,7
2023-04-28T18:41:20.085916,crank,52853,205.0,89.1,40,7
2023-04-28T18:41:20.376933,wheel,19005,183.9,86.0,40,7
2023-04-28T18:41:20.834785,crank,52853,195.8,88.5,40,7
2023-04-28T18:41:21.084699,crank,52853,182.2,88.2,40,7
2023-04-28T18:41:21.375641,wheel,19005,179.7,85.0,40,7
2023-04-28T18:41:21.833668,crank,52853,198.2,88.8,40,7
2023-04-28T18:41:21.875149,wheel,19005,177.9,86.0,40,7
2023-04-28T18:41:22.374430,wheel,19005,178.3,86.0,40,7
2023-04-28T18:41:22.582610,crank,52853,208.4,88.0,40,7
2023-04-28T18:41:22.873838,wheel,19005,179.6,86.0,40,7
2023-04-28T18:41:23.081999,crank,52853,202.8,88.9,40,7
2023-04-28T18:41:23.831337,crank,52853,191.3,88.8,40,7
2023-04-28T18:41:23.872461,wheel,19005,178.3,86.0,40,7
2023-04-28T18:41:24.371842,wheel,19005,176.3,86.0,40,7
2023-04-28T18:41:24.580220,crank,52853,187.2,88.5,40,7
2023-04-28T18:41:24.871189,wheel,19005,177.5,86.0,40,7
2023-04-28T18:41:25.329182,crank,52853,188.7,88.8,40,7
2023-04-28T18:41:25.370584,wheel,19005,179.0,86.0,40,7
2023-04-28T18:41:26.078744,crank,52853,191.9,89.1,40,7
2023-04-28T18:41:26.369366,wheel,19005,189.0,85.0,40,7
2023-04-28T18:41:26.827497,crank,52853,212.9,89.5,40,7
2023-04-28T18:41:26.868816,wheel,19005,208.8,87.0,40,7
2023-04-28T18:41:27.368095,wheel,19005,209.6,87.0,40,7
2023-04-28T18:41:27.576378,crank,52853,222.0,90.0,40,7
2023-04-28T18:41:27.867643,wheel,19005,193.0,87.0,40,7
2023-04-28T18:41:28.325760,crank,52853,209.2,90.5,40,7
2023-04-28T18:41:28.575368,crank,52853,202.8,89.3,40,7
2023-04-28T18:41:28.866146,wheel,19005,186.1,88.0,40,7
2023-04-28T18:41:29.615243,wheel,19005,186.3,88.0,40,7
2023-04-28T18:41:29.823575,crank,52853,207.7,90.7,40,7
2023-04-28T18:41:29.864870,wheel,19005,186.1,88.0,40,7
2023-04-28T18:41:30.364197,wheel,19005,186.8,88.0,40,7
2023-04-28T18:41:30.822352,crank,52853,200.6,90.3,40,7
2023-04-28T18:41:31.363043,wheel,19005,186.4,87.0,40,7
2023-04-28T18:41:31.571389,crank,52853,193.3,90.6,40,7
2023-04-28T18:41:32.070787,crank,52853,186.7,89.6,40,7
2023-04-28T18:41:32.111969,wheel,19005,185.0,88.0,40,7
2023-04-28T18:41:32.361869,wheel,19005,184.0,88.0,40,7
2023-04-28T18:41:32.861168,wheel,19005,184.0,87.0,40,7
2023-04-28T18:41:33.069603,crank,52853,197.2,90.0,40,7
2023-04-28T18:41:33.569176,crank,52853,200.6,89.5,40,7
2023-04-28T18:41:33.818681,crank,52853,206.5,90.2,40,7
2023-04-28T18:41:33.859766,wheel,19005,184.7,87.0,40,7
2023-04-28T18:41:34.567854,crank,52853,213.7,90.5,40,7
2023-04-28T18:41:34.608958,wheel,19005,187.8,87.0,40,7
2023-04-28T18:41:34.858500,wheel,19005,188.7,88.0,40,7
2023-04-28T18:41:35.316745,crank,52853,211.2,91.0,40,7
2023-04-28T18:41:35.357856,wheel,19005,189.1,88.0,40,7
2023-04-28T18:41:36.065868,crank,52853,199.4,91.0,40,7
2023-04-28T18:41:36.356636,wheel,19005,187.8,87.0,40,7
2023-04-28T18:41:36.815109,crank,52853,196.3,90.3,40,7
2023-04-28T18:41:36.856066,wheel,19005,183.0,88.0,40,7
2023-04-28T18:41:37.355525,wheel,19005,180.6,88.0,40,7
2023-04-28T18:41:37.563984,crank,52853,203.7,85.6,40,7
2023-04-28T18:41:37.813949,crank,52853,218.8,97.6,40,7
2023-04-28T18:41:37.854786,wheel,19005,182.7,88.0,40,7
2023-04-28T18:41:38.562848,crank,52853,183.8,90.3,40,7
2023-04-28T18:41:38.853391,wheel,19005,186.3,88.0,40,7
2023-04-28T18:41:39.352761,wheel,19005,187.7,88.0,40,7
2023-04-28T18:41:39.811141,crank,52853,200.0,91.0,40,7
2023-04-28T18:41:39.852153,wheel,19005,187.4,88.0,40,7
2023-04-28T18:41:40.351600,wheel,19005,186.7,88.0,40,7
2023-04-28T18:41:40.560668,crank,52853,201.2,90.2,40,7
2023-04-28T18:41:41.309398,crank,52853,207.0,90.3,40,7
2023-04-28T18:41:41.849853,wheel,19005,187.4,88.0,40,7
2023-04-28T18:41:42.058354,crank,52853,209.5,90.7,40,7
2023-04-28T18:41:42.349226,wheel,19005,187.3,88.0,40,7
2023-04-28T18:41:42.807781,crank,52853,198.2,90.4,40,7
2023-04-28T18:41:42.848519,wheel,19005,187.3,88.0,40,7
2023-04-28T18:41:43.057153,crank,52853,203.6,90.8,40,7
2023-04-28T18:41:43.347709,wheel,19005,187.3,88.0,40,7
2023-04-28T18:41:43.806218,crank,52853,205.7,90.5,40,7
2023-04-28T18:41:44.346411,wheel,19005,187.0,88.0,40,7
2023-04-28T18:41:44.845786,wheel,19005,185.3,88.0,40,7
2023-04-28T18:41:45.055075,crank,52853,199.8,90.5,40,7
2023-04-28T18:41:45.345328,wheel,19005,182.7,88.0,40,7
2023-04-28T18:41:45.803918,crank,52853,202.2,90.2,40,7
2023-04-28T18:41:45.844555,wheel,19005,181.9,87.0,40,7
2023-04-28T18:41:46.552753,crank,52853,204.7,90.2,40,7
2023-04-28T18:41:46.843430,wheel,19005,185.3,88.0,40,7
2023-04-28T18:41:47.302188,crank,52853,199.9,91.2,40,7
2023-04-28T18:41:47.342633,wheel,19005,186.3,88.0,40,7
2023-04-28T18:41:48.051111,crank,52853,206.1,90.3,40,7
2023-04-28T18:41:48.091789,wheel,19005,186.0,88.0,40,7
2023-04-28T18:41:48.341331,wheel,19005,186.3,88.0,40,7
2023-04-28T18:41:48.799961,crank,52853,209.6,90.3,40,7
2023-04-28T18:41:49.049890,crank,52853,199.3,90.1,40,7
2023-04-28T18:41:49.340038,wheel,19005,186.9,88.0,40,7
2023-04-28T18:41:49.798921,crank,52853,184.9,90.4,40,7
2023-04-28T18:41:49.839565,wheel,19005,185.9,88.0,40,7
2023-04-28T18:41:50.588454,wheel,19005,184.4,88.0,40,7
2023-04-28T18:41:50.797595,crank,52853,180.8,88.8,40,7
2023-04-28T18:41:50.838294,wheel,19005,181.4,86.0,40,7
2023-04-28T18:41:51.297024,crank,52853,185.2,88.8,40,7
2023-04-28T18:41:51.837184,wheel,19005,179.3,86.0,40,7
2023-04-28T18:41:52.045966,crank,52853,175.5,88.7,40,7
2023-04-28T18:41:52.336396,wheel,19005,178.1,86.0,40,7
2023-04-28T18:41:52.795051,crank,52853,180.0,88.8,40,7
2023-04-28T18:41:52.835617,wheel,19005,181.5,86.0,40,7
2023-04-28T18:41:53.044898,crank,52853,202.5,87.6,40,7
2023-04-28T18:41:53.334966,wheel,19005,191.7,86.0,40,7
2023-04-28T18:41:53.793727,crank,52853,218.6,89.3,40,7
2023-04-28T18:41:54.333741,wheel,19005,191.0,86.0,40,7
2023-04-28T18:41:54.543243,crank,52853,214.0,88.8,40,7
2023-04-28T18:41:54.833189,wheel,19005,184.3,86.0,40,7
2023-04-28T18:41:55.332538,wheel,19005,182.8,87.0,40,7
2023-04-28T18:41:55.791447,crank,52853,216.0,89.3,40,7
2023-04-28T18:41:55.831971,wheel,19005,184.7,86.0,40,7
2023-04-28T18:41:56.540310,crank,52853,203.3,89.9,40,7
2023-04-28T18:41:56.830781,wheel,19005,191.1,87.0,40,7
2023-04-28T18:41:57.289471,crank,52853,206.2,89.6,40,7
2023-04-28T18:41:57.329951,wheel,19005,195.3,87.0,40,7
2023-04-28T18:41:57.829254,wheel,19005,187.1,87.0,40,7
2023-04-28T18:41:58.288106,crank,52853,198.4,90.5,40,7
2023-04-28T18:41:58.328623,wheel,19005,180.9,87.0,40,7
2023-04-28T18:41:58.787494,crank,52853,195.0,89.8,40,7
2023-04-28T18:41:59.327358,wheel,19005,181.7,87.0,40,7
2023-04-28T18:41:59.786294,crank,52853,203.6,89.6,40,7
2023-04-28T18:41:59.826902,wheel,19005,183.3,87.0,40,7
2023-04-28T18:42:00.326258,wheel,19005,182.8,87.0,40,7
2023-04-28T18:42:00.535357,crank,52853,196.4,89.6,40,7
2023-04-28T18:42:00.825557,wheel,19005,182.3,87.0,40,7
2023-04-28T18:42:01.824583,wheel,19005,181.8,86.0,40,7
2023-04-28T18:42:02.323609,wheel,19005,180.7,87.0,40,7
2023-04-28T18:42:02.823639,wheel,19005,180.2,87.0,40,7
2023-04-28T18:42:03.283364,crank,52853,192.0,89.0,40,7
2023-04-28T18:42:03.322264,wheel,19005,178.5,86.0,40,7
2023-04-28T18:42:04.031407,crank,52853,197.7,88.6,40,7
2023-04-28T18:42:04.570700,wheel,19005,174.5,86.0,40,7
2023-04-28T18:42:04.780355,crank,52853,208.1,88.2,40,7
2023-04-28T18:42:04.820534,wheel,19005,183.6,86.0,40,7
2023-04-28T18:42:05.279562,crank,52853,211.2,89.9,40,7
2023-04-28T18:42:05.319882,wheel,19005,189.7,86.0,40,7
2023-04-28T18:42:05.819206,wheel,19005,198.4,86.0,40,7
2023-04-28T18:42:06.028504,crank,52853,211.1,89.1,40,7
2023-04-28T18:42:06.527852,crank,52853,212.0,89.1,40,7
2023-04-28T18:42:06.817970,wheel,19005,208.2,86.0,40,7
2023-04-28T18:42:07.276964,crank,52853,208.3,90.2,40,7
2023-04-28T18:42:07.317201,wheel,19005,190.8,87.0,40,7
2023-04-28T18:42:07.816537,wheel,19005,184.2,87.0,40,7
2023-04-28T18:42:08.275668,crank,52853,203.6,89.6,40,7
2023-04-28T18:42:08.315931,wheel,19005,184.0,87.0,40,7
2023-04-28T18:42:09.564390,wheel,19005,180.6,87.0,40,7
2023-04-28T18:42:10.063683,wheel,19005,178.6,87.0,40,7
2023-04-28T18:42:10.273399,crank,52853,198.3,89.9,40,7
2023-04-28T18:42:10.313510,wheel,19005,181.6,87.0,40,7
2023-04-28T18:42:10.813109,wheel,19005,182.3,87.0,40,7
2023-04-28T18:42:11.022270,crank,52853,197.1,89.1,40,7
2023-04-28T18:42:11.272030,crank,52853,197.5,89.7,40,7
2023-04-28T18:42:11.811480,wheel,19005,182.0,86.0,40,7
2023-04-28T18:42:12.810249,wheel,19005,184.8,87.0,40,7
2023-04-28T18:42:13.309796,wheel,19005,188.4,87.0,40,7
2023-04-28T18:42:13.809922,wheel,19005,187.6,87.0,40,7
2023-04-28T18:42:14.269799,crank,52853,206.1,89.8,40,7
2023-04-28T18:42:14.807791,wheel,19005,184.4,87.0,40,7
2023-04-28T18:42:15.307305,wheel,19005,183.9,87.0,40,7
2023-04-28T18:42:15.516686,crank,52853,196.4,89.6,40,7
2023-04-28T18:42:15.806507,wheel,19005,177.2,87.0,40,7
2023-04-28T18:42:16.265771,crank,52853,196.5,90.0,40,7
2023-04-28T18:42:16.305756,wheel,19005,172.8,86.0,40,7
2023-04-28T18:42:16.515639,crank,52853,193.9,89.2,40,7
2023-04-28T18:42:17.264490,crank,52853,199.4,89.8,40,7
2023-04-28T18:42:17.304486,wheel,19005,178.2,87.0,40,7
2023-04-28T18:42:17.803860,wheel,19005,181.5,87.0,40,7
2023-04-28T18:42:18.303354,wheel,19005,183.2,87.0,40,7
2023-04-28T18:42:18.513047,crank,52853,203.0,89.8,40,7
2023-04-28T18:42:18.802673,wheel,19005,186.7,87.0,40,7
2023-04-28T18:42:19.262154,crank,52853,206.5,90.5,40,7
2023-04-28T18:42:20.051012,wheel,19005,188.9,88.0,40,7
2023-04-28T18:42:20.261198,crank,52853,204.7,90.2,40,7
2023-04-28T18:42:20.301179,wheel,19005,187.5,88.0,40,7
2023-04-28T18:42:20.800105,wheel,19005,183.5,88.0,40,7
2023-04-28T18:42:21.010056,crank,52853,203.1,91.0,40,7
2023-04-28T18:42:21.259545,crank,52853,198.6,90.2,40,7
2023-04-28T18:42:21.798780,wheel,19005,173.8,87.0,40,7
2023-04-28T18:42:22.008804,crank,52853,197.6,91.0,40,7
2023-04-28T18:42:22.797499,wheel,19005,181.9,88.0,40,7
2023-04-28T18:42:23.257034,crank,52853,203.9,90.3,40,7
2023-04-28T18:42:23.546626,wheel,19005,186.1,88.0,40,7
2023-04-28T18:42:23.796342,wheel,19005,186.0,88.0,40,7
2023-04-28T18:42:24.255973,crank,52853,198.1,90.0,40,7
2023-04-28T18:42:24.295646,wheel,19005,186.3,88.0,40,7
2023-04-28T18:42:25.294594,wheel,19005,178.1,88.0,40,7
2023-04-28T18:42:25.793789,wheel,19005,172.2,88.0,40,7
2023-04-28T18:42:26.253316,crank,52853,189.8,90.0,40,7
2023-04-28T18:42:26.293024,wheel,19005,178.2,86.0,40,7
2023-04-28T18:42:26.792392,wheel,19005,180.1,86.0,40,7
2023-04-28T18:42:27.002453,crank,52853,184.4,88.5,40,7
2023-04-28T18:42:27.751444,crank,52853,194.6,90.0,40,7
2023-04-28T18:42:27.791152,wheel,19005,184.7,87.0,40,7
2023-04-28T18:42:28.001317,crank,52853,209.2,89.0,40,7
2023-04-28T18:42:28.290511,wheel,19005,188.9,87.0,40,7
2023-04-28T18:42:28.789994,wheel,19005,186.6,87.0,40,7
2023-04-28T18:42:29.289377,wheel,19005,185.1,87.0,40,7
2023-04-28T18:42:29.499216,crank,52853,212.0,90.0,40,7
2023-04-28T18:42:29.998615,crank,52853,209.0,90.1,40,7
2023-04-28T18:42:30.288134,wheel,19005,185.5,88.0,40,7
2023-04-28T18:42:30.787412,wheel,19005,186.3,88.0,40,7
2023-04-28T18:42:30.997386,crank,52853,204.5,90.8,40,7
2023-04-28T18:42:31.286668,wheel,19005,187.3,87.0,40,7
2023-04-28T18:42:31.786024,wheel,19005,180.6,87.0,40,7
2023-04-28T18:42:32.245832,crank,52853,199.9,90.3,40,7
2023-04-28T18:42:32.784777,wheel,19005,178.7,88.0,40,7
2023-04-28T18:42:32.995102,crank,52853,199.9,90.3,40,7
2023-04-28T18:42:33.244505,crank,52853,201.7,90.3,40,7
2023-04-28T18:42:33.284134,wheel,19005,183.9,88.0,40,7
2023-04-28T18:42:33.783691,wheel,19005,183.0,88.0,40,7
2023-04-28T18:42:33.993688,crank,52853,199.7,89.5,40,7
2023-04-28T18:42:34.282971,wheel,19005,182.7,88.0,40,7
2023-04-28T18:42:35.281918,wheel,19005,184.3,88.0,40,7
2023-04-28T18:42:35.781020,wheel,19005,181.0,88.0,40,7
2023-04-28T18:42:36.280325,wheel,19005,178.5,87.0,40,7
2023-04-28T18:42:36.779701,wheel,19005,180.1,87.0,40,7
2023-04-28T18:42:37.778439,wheel,19005,177.7,87.0,40,7
2023-04-28T18:42:37.989037,crank,52853,198.7,90.0,40,7
2023-04-28T18:42:38.527570,wheel,19005,181.0,87.0,40,7
2023-04-28T18:42:38.777238,wheel,19005,183.6,87.0,40,7
2023-04-28T18:42:39.276631,wheel,19005,186.8,88.0,40,7
2023-04-28T18:42:39.486716,crank,52853,200.3,90.2,40,7
2023-04-28T18:42:39.986078,crank,52853,194.9,89.7,40,7
2023-04-28T18:42:40.275441,wheel,19005,185.3,88.0,40,7
2023-04-28T18:47:52.839515,crank,52853,184.7,91.6,54,1
2023-04-28T18:47:53.377318,wheel,19005,200.1,91.0,54,1
2023-04-28T18:47:54.337603,crank,52853,191.5,90.7,54,1
2023-04-28T18:47:54.376065,wheel,19005,203.7,92.0,54,1
2023-04-28T18:47:54.875305,wheel,19005,196.8,92.0,54,1
2023-04-28T18:47:55.086516,crank,52853,209.0,92.0,54,1
2023-04-28T18:47:55.374665,wheel,19005,194.2,92.0,54,1
2023-04-28T18:47:55.835355,crank,52853,205.4,88.9,54,1
2023-04-28T18:47:55.874106,wheel,19005,194.0,92.0,54,1
2023-04-28T18:47:56.085352,crank,52853,227.7,91.6,54,1
2023-04-28T18:47:56.834108,crank,52853,206.3,92.5,54,1
2023-04-28T18:47:56.872766,wheel,19005,201.9,92.0,54,1
2023-04-28T18:47:57.372136,wheel,19005,194.9,93.0,54,1
2023-04-28T18:47:57.871475,wheel,19005,185.9,93.0,54,1
2023-04-28T18:47:58.083050,crank,52853,190.0,89.9,54,1
2023-04-28T18:47:58.371042,wheel,19005,180.4,91.0,54,1
2023-04-28T18:47:58.831878,crank,52853,193.6,89.9,54,1
2023-04-28T18:47:59.369665,wheel,19005,187.7,92.0,54,1
2023-04-28T18:47:59.580693,crank,52853,199.4,90.2,54,1
2023-04-28T18:47:59.869083,wheel,19005,190.2,92.0,54,1
2023-04-28T18:48:00.330008,crank,52853,201.2,90.5,54,1
2023-04-28T18:48:00.368311,wheel,19005,191.8,92.0,54,1
2023-04-28T18:48:00.867720,wheel,19005,192.3,92.0,54,1
2023-04-28T18:48:01.578211,crank,52853,203.8,90.0,54,1
2023-04-28T18:48:02.077582,crank,52853,195.3,89.9,54,1
2023-04-28T18:48:02.116058,wheel,19005,192.9,92.0,54,1
2023-04-28T18:48:02.365957,wheel,19005,192.2,91.0,54,1
2023-04-28T18:48:02.826985,crank,52853,198.6,89.0,54,1
2023-04-28T18:48:02.865227,wheel,19005,192.2,91.0,54,1
2023-04-28T18:48:03.364513,wheel,19005,191.1,90.0,54,1
2023-04-28T18:48:03.575964,crank,52853,202.8,87.8,54,1
2023-04-28T18:48:04.324764,crank,52853,204.6,89.7,54,1
2023-04-28T18:48:04.613052,wheel,19005,190.1,90.0,54,1
2023-04-28T18:48:05.074058,crank,52853,202.8,88.9,54,1
2023-04-28T18:48:05.361981,wheel,19005,189.4,90.0,54,1
2023-04-28T18:48:05.822922,crank,52853,202.8,88.1,54,1
2023-04-28T18:48:05.861352,wheel,19005,188.9,90.0,54,1
2023-04-28T18:48:06.360746,wheel,19005,189.0,90.0,54,1
2023-04-28T18:48:06.572410,crank,52853,206.0,89.2,54,1
2023-04-28T18:48:06.821701,crank,52853,210.7,88.2,54,1
2023-04-28T18:48:07.359533,wheel,19005,189.0,90.0,54,1
2023-04-28T18:48:07.570844,crank,52853,223.4,89.1,54,1
2023-04-28T18:48:07.858877,wheel,19005,191.9,90.0,54,1
2023-04-28T18:48:08.358274,wheel,19005,199.9,90.0,54,1
2023-04-28T18:48:08.819419,crank,52853,218.6,90.0,54,1
2023-04-28T18:48:09.107189,wheel,19005,206.0,90.0,54,1
2023-04-28T18:48:09.568263,crank,52853,200.6,90.3,54,1
2023-04-28T18:48:09.856441,wheel,19005,203.0,92.0,54,1
2023-04-28T18:48:10.317735,crank,52853,187.1,89.8,54,1
2023-04-28T18:48:10.355797,wheel,19005,189.2,92.0,54,1
2023-04-28T18:48:10.855246,wheel,19005,182.0,90.0,54,1
2023-04-28T18:48:11.066391,crank,52853,211.8,83.3,54,1
2023-04-28T18:48:11.354396,wheel,19005,179.1,90.0,54,1
2023-04-28T18:48:12.065351,crank,52853,220.7,85.8,54,1
2023-04-28T18:48:12.353087,wheel,19005,179.3,89.0,54,1
2023-04-28T18:48:12.564799,crank,52853,187.5,90.3,54,1
2023-04-28T18:48:12.852543,wheel,19005,182.0,89.0,54,1
2023-04-28T18:48:13.313586,crank,52853,175.1,87.1,54,1
2023-04-28T18:48:13.351821,wheel,19005,182.1,89.0,54,1
2023-04-28T18:48:13.851188,wheel,19005,182.2,87.0,54,1
2023-04-28T18:48:14.063152,crank,52853,179.1,85.9,54,1
2023-04-28T18:48:14.312349,crank,52853,183.2,85.5,54,1
2023-04-28T18:48:14.850005,wheel,19005,178.3,87.0,54,1
2023-04-28T18:48:15.061845,crank,52853,189.7,85.0,54,1
2023-04-28T18:48:15.349368,wheel,19005,176.2,87.0,54,1
2023-04-28T18:48:15.810716,crank,52853,191.7,85.2,54,1
2023-04-28T18:48:15.848732,wheel,19005,177.1,87.0,54,1
2023-04-28T18:48:16.348070,wheel,19005,177.8,87.0,54,1
2023-04-28T18:48:16.809484,crank,52853,188.5,84.5,54,1
2023-04-28T18:48:17.309100,crank,52853,186.1,84.9,54,1
2023-04-28T18:48:17.346886,wheel,19005,178.0,86.0,54,1
2023-04-28T18:48:17.846330,wheel,19005,177.1,86.0,54,1
2023-04-28T18:48:18.307721,crank,52853,186.8,84.0,54,1
2023-04-28T18:48:18.345586,wheel,19005,177.0,86.0,54,1
2023-04-28T18:48:18.806815,crank,52853,192.5,84.7,54,1
2023-04-28T18:48:18.844849,wheel,19005,178.6,85.0,54,1
2023-04-28T18:48:19.556011,crank,52853,195.1,85.2,54,1
2023-04-28T18:48:19.843578,wheel,19005,181.6,86.0,54,1
2023-04-28T18:48:20.304885,crank,52853,197.7,85.9,54,1
2023-04-28T18:48:20.592726,wheel,19005,182.2,86.0,54,1
2023-04-28T18:48:20.842309,wheel,19005,181.8,87.0,54,1
2023-04-28T18:48:21.054171,crank,52853,196.2,84.9,54,1
2023-04-28T18:48:21.341686,wheel,19005,181.0,87.0,54,1
2023-04-28T18:48:21.803013,crank,52853,199.4,85.6,54,1
2023-04-28T18:48:22.053177,crank,52853,199.1,86.2,54,1
2023-04-28T18:48:22.340611,wheel,19005,181.6,87.0,54,1
2023-04-28T18:48:22.801841,crank,52853,196.2,85.6,54,1
2023-04-28T18:48:23.089484,wheel,19005,182.1,87.0,54,1
2023-04-28T18:48:23.339293,wheel,19005,182.1,87.0,54,1
2023-04-28T18:48:23.550838,crank,52853,187.0,85.7,54,1
2023-04-28T18:48:23.838600,wheel,19005,180.9,86.0,54,1
2023-04-28T18:48:24.300120,crank,52853,189.2,85.2,54,1
2023-04-28T18:48:24.837317,wheel,19005,180.9,87.0,54,1
2023-04-28T18:48:25.048959,crank,52853,206.1,85.9,54,1
2023-04-28T18:48:25.336713,wheel,19005,183.8,87.0,54,1
2023-04-28T18:48:25.548361,crank,52853,207.4,86.5,54,1
2023-04-28T18:48:25.836192,wheel,19005,186.9,88.0,54,1
2023-04-28T18:48:26.297930,crank,52853,196.4,86.1,54,1
2023-04-28T18:48:26.335631,wheel,19005,188.0,88.0,54,1
2023-04-28T18:48:27.046679,crank,52853,191.7,86.3,54,1
2023-04-28T18:48:27.334080,wheel,19005,184.9,88.0,54,1
2023-04-28T18:48:27.795554,crank,52853,194.2,85.5,54,1
2023-04-28T18:48:27.833411,wheel,19005,183.1,87.0,54,1
2023-04-28T18:48:28.332792,wheel,19005,182.1,87.0,54,1
2023-04-28T18:48:28.794296,crank,52853,197.8,87.1,54,1
2023-04-28T18:48:28.832132,wheel,19005,183.1,87.0,54,1
2023-04-28T18:48:29.293671,crank,52853,198.5,86.3,54,1
2023-04-28T18:48:29.830913,wheel,19005,184.5,88.0,54,1
2023-04-28T18:48:30.043019,crank,52853,202.6,87.7,54,1
2023-04-28T18:48:30.330267,wheel,19005,186.2,88.0,54,1
2023-04-28T18:48:30.791817,crank,52853,200.5,87.1,54,1
2023-04-28T18:48:30.829635,wheel,19005,185.9,89.0,54,1
2023-04-28T18:48:31.329199,wheel,19005,185.9,89.0,54,1
2023-04-28T18:48:31.540947,crank,52853,202.8,87.8,54,1
2023-04-28T18:48:31.790814,crank,52853,196.0,87.8,54,1
2023-04-28T18:48:32.327843,wheel,19005,188.0,89.0,54,1
2023-04-28T18:48:32.539634,crank,52853,200.3,87.5,54,1
2023-04-28T18:48:32.827165,wheel,19005,188.9,89.0,54,1
2023-04-28T18:48:33.288927,crank,52853,200.2,88.1,54,1
2023-04-28T18:48:33.326483,wheel,19005,188.1,89.0,54,1
2023-04-28T18:48:33.825977,wheel,19005,187.8,89.0,54,1
2023-04-28T18:48:34.037755,crank,52853,187.3,87.4,54,1
2023-04-28T18:48:34.787353,crank,52853,188.8,86.1,54,1
2023-04-28T18:48:34.824695,wheel,19005,183.4,88.0,54,1
2023-04-28T18:48:35.324129,wheel,19005,186.4,88.0,54,1
2023-04-28T18:48:35.535902,crank,52853,208.2,87.1,54,1
2023-04-28T18:48:36.285030,crank,52853,217.1,88.3,54,1
2023-04-28T18:48:36.572411,wheel,19005,198.5,89.0,54,1
2023-04-28T18:48:36.822005,wheel,19005,204.0,89.0,54,1
2023-04-28T18:48:37.034116,crank,52853,211.6,88.2,54,1
2023-04-28T18:48:37.283784,crank,52853,201.9,87.4,54,1
2023-04-28T18:48:37.820744,wheel,19005,198.1,90.0,54,1
2023-04-28T18:48:38.032901,crank,52853,199.5,87.8,54,1
2023-04-28T18:48:38.320124,wheel,19005,190.6,89.0,54,1
2023-04-28T18:48:38.781855,crank,52853,213.6,88.0,54,1
2023-04-28T18:48:39.069450,wheel,19005,191.0,89.0,54,1
2023-04-28T18:48:39.318854,wheel,19005,191.8,89.0,54,1
2023-04-28T18:48:39.531398,crank,52853,202.4,88.7,54,1
2023-04-28T18:48:40.030645,crank,52853,178.5,87.7,54,1
2023-04-28T18:48:40.317741,wheel,19005,183.0,89.0,54,1
2023-04-28T18:48:40.817054,wheel,19005,175.0,89.0,54,1
2023-04-28T18:48:41.029072,crank,52853,178.8,86.2,54,1
2023-04-28T18:48:41.316414,wheel,19005,172.4,88.0,54,1
2023-04-28T18:48:41.528427,crank,52853,194.4,87.1,54,1
2023-04-28T18:48:41.815732,wheel,19005,177.8,88.0,54,1
2023-04-28T18:48:42.277729,crank,52853,192.2,86.1,54,1
2023-04-28T18:48:42.814533,wheel,19005,180.6,88.0,54,1
2023-04-28T18:48:43.276451,crank,52853,190.1,85.9,54,1
2023-04-28T18:48:43.313956,wheel,19005,181.1,88.0,54,1
2023-04-28T18:48:43.776125,crank,52853,192.1,86.0,54,1
2023-04-28T18:48:43.813265,wheel,19005,182.1,88.0,54,1
2023-04-28T18:48:44.562389,wheel,19005,182.0,87.0,54,1
2023-04-28T18:48:45.273778,crank,52853,194.7,86.3,54,1
2023-04-28T18:48:45.311261,wheel,19005,182.7,87.0,54,1
2023-04-28T18:48:45.523747,crank,52853,198.3,87.0,54,1
2023-04-28T18:48:45.810598,wheel,19005,182.8,88.0,54,1
2023-04-28T18:48:46.272530,crank,52853,195.4,86.8,54,1
2023-04-28T18:48:46.559775,wheel,19005,183.1,88.0,54,1
2023-04-28T18:48:46.809319,wheel,19005,188.8,88.0,54,1
2023-04-28T18:48:47.021732,crank,52853,207.4,88.3,54,1
2023-04-28T18:48:47.770670,crank,52853,216.9,89.7,54,1
2023-04-28T18:48:47.808093,wheel,19005,203.9,90.0,54,1
2023-04-28T18:48:48.307600,wheel,19005,206.9,90.0,54,1
2023-04-28T18:48:48.769426,crank,52853,204.1,89.1,54,1
2023-04-28T18:48:48.806832,wheel,19005,199.9,91.0,54,1
2023-04-28T18:48:49.306247,wheel,19005,195.9,91.0,54,1
2023-04-28T18:48:49.518497,crank,52853,207.3,88.6,54,1
2023-04-28T18:48:50.017870,crank,52853,207.2,88.9,54,1
2023-04-28T18:48:50.305154,wheel,19005,191.3,89.0,54,1
2023-04-28T18:48:51.016647,crank,52853,202.8,88.5,54,1
2023-04-28T18:48:51.303746,wheel,19005,190.1,90.0,54,1
2023-04-28T18:48:51.803341,wheel,19005,190.1,90.0,54,1
2023-04-28T18:48:52.265375,crank,52853,203.8,89.0,54,1
2023-04-28T18:48:52.514897,crank,52853,188.0,88.5,54,1
2023-04-28T18:48:52.552083,wheel,19005,190.0,90.0,54,1
2023-04-28T18:48:53.014237,crank,52853,185.6,87.4,54,1
2023-04-28T18:48:53.301060,wheel,19005,188.5,90.0,54,1
2023-04-28T18:48:53.763102,crank,52853,188.2,88.6,54,1
2023-04-28T18:48:53.800444,wheel,19005,187.8,90.0,54,1
2023-04-28T18:48:54.299806,wheel,19005,186.9,90.0,54,1
2023-04-28T18:48:54.512669,crank,52853,190.9,87.1,54,1
2023-04-28T18:48:55.049312,wheel,19005,187.0,88.0,54,1
2023-04-28T18:48:55.261252,crank,52853,216.2,88.3,54,1
2023-04-28T18:48:55.798024,wheel,19005,196.7,90.0,54,1
2023-04-28T18:48:56.010586,crank,52853,224.4,89.9,54,1
2023-04-28T18:48:56.297362,wheel,19005,202.9,90.0,54,1
2023-04-28T18:48:56.759609,crank,52853,208.3,90.5,54,1
2023-04-28T18:48:56.796664,wheel,19005,199.2,91.0,54,1
2023-04-28T18:48:57.508424,crank,52853,200.2,89.7,54,1
2023-04-28T18:48:57.545723,wheel,19005,196.1,91.0,54,1
2023-04-28T18:48:57.758375,crank,52853,206.9,89.6,54,1
2023-04-28T18:48:58.294995,wheel,19005,193.6,91.0,54,1
2023-04-28T18:48:58.507202,crank,52853,199.7,89.9,54,1
2023-04-28T18:48:58.794385,wheel,19005,192.0,91.0,54,1
2023-04-28T18:48:59.256471,crank,52853,199.7,89.1,54,1
2023-04-28T18:48:59.293671,wheel,19005,190.8,91.0,54,1
2023-04-28T18:48:59.756076,crank,52853,207.7,88.8,54,1
2023-04-28T18:48:59.793065,wheel,19005,191.2,90.0,54,1
2023-04-28T18:49:00.504908,crank,52853,208.1,89.7,54,1
2023-04-28T18:49:00.791615,wheel,19005,190.9,91.0,54,1
2023-04-28T18:49:01.253751,crank,52853,207.2,88.9,54,1
2023-04-28T18:49:01.290987,wheel,19005,191.1,91.0,54,1
2023-04-28T18:49:01.790337,wheel,19005,191.9,91.0,54,1
2023-04-28T18:49:02.252512,crank,52853,200.0,90.0,54,1
2023-04-28T18:49:02.289701,wheel,19005,192.2,91.0,54,1
2023-04-28T18:49:03.288402,wheel,19005,194.6,91.0,54,1
2023-04-28T18:49:03.750668,crank,52853,205.1,90.2,54,1
2023-04-28T18:49:03.787796,wheel,19005,196.4,92.0,54,1
2023-04-28T18:49:04.287156,wheel,19005,198.9,92.0,54,1
2023-04-28T18:49:04.500219,crank,52853,214.8,90.3,54,1
2023-04-28T18:49:04.786707,wheel,19005,201.1,91.0,54,1
2023-04-28T18:49:05.248858,crank,52853,218.4,91.4,54,1
2023-04-28T18:49:05.785332,wheel,19005,202.5,92.0,54,1
2023-04-28T18:49:05.997862,crank,52853,206.1,91.2,54,1
2023-04-28T18:49:06.284692,wheel,19005,198.9,92.0,54,1
2023-04-28T18:49:06.747159,crank,52853,200.6,90.3,54,1
2023-04-28T18:49:07.283476,wheel,19005,195.5,92.0,54,1
2023-04-28T18:49:07.496005,crank,52853,203.7,90.5,54,1
2023-04-28T18:49:07.745937,crank,52853,211.6,89.7,54,1
2023-04-28T18:49:07.782935,wheel,19005,194.0,92.0,54,1
2023-04-28T18:49:08.494774,crank,52853,205.5,90.5,54,1
2023-04-28T18:49:08.781512,wheel,19005,191.5,92.0,54,1
2023-04-28T18:49:09.243797,crank,52853,196.8,90.2,54,1
2023-04-28T18:49:09.743189,crank,52853,197.1,89.5,54,1
2023-04-28T18:49:09.780207,wheel,19005,186.1,90.0,54,1
2023-04-28T18:49:10.279532,wheel,19005,182.8,90.0,54,1
2023-04-28T18:49:10.492490,crank,52853,191.0,89.1,54,1
2023-04-28T18:49:11.241326,crank,52853,185.2,89.7,54,1
2023-04-28T18:49:11.278274,wheel,19005,185.8,91.0,54,1
2023-04-28T18:49:11.777637,wheel,19005,188.2,91.0,54,1
2023-04-28T18:49:11.990864,crank,52853,200.2,88.9,54,1
2023-04-28T18:49:12.277039,wheel,19005,188.9,90.0,54,1
2023-04-28T18:49:12.739453,crank,52853,215.2,89.7,54,1
2023-04-28T18:49:12.776373,wheel,19005,194.9,90.0,54,1
2023-04-28T18:49:13.488832,crank,52853,213.1,90.7,54,1
2023-04-28T18:49:13.738450,crank,52853,211.5,89.6,54,1
2023-04-28T18:49:13.775279,wheel,19005,201.8,91.0,54,1
2023-04-28T18:49:14.274600,wheel,19005,200.8,92.0,54,1
2023-04-28T18:49:14.487298,crank,52853,206.3,91.6,54,1
2023-04-28T18:49:14.773993,wheel,19005,198.9,92.0,54,1
2023-04-28T18:49:15.273498,wheel,19005,196.8,91.0,54,1
2023-04-28T18:49:15.736128,crank,52853,196.4,91.2,54,1
2023-04-28T18:49:16.272047,wheel,19005,196.2,92.0,54,1
2023-04-28T18:49:16.484818,crank,52853,208.8,90.8,54,1
2023-04-28T18:49:16.771345,wheel,19005,192.1,92.0,54,1
2023-04-28T18:49:17.270679,wheel,19005,190.2,92.0,54,1
2023-04-28T18:49:17.483630,crank,52853,203.4,90.3,54,1
2023-04-28T18:49:17.770018,wheel,19005,189.0,92.0,54,1
2023-04-28T18:49:17.983155,crank,52853,202.5,90.3,54,1
2023-04-28T18:49:18.768768,wheel,19005,189.5,92.0,54,1
2023-04-28T18:49:18.981909,crank,52853,204.4,90.0,54,1
2023-04-28T18:49:19.268153,wheel,19005,192.1,92.0,54,1
2023-04-28T18:49:19.730771,crank,52853,204.2,90.3,54,1
2023-04-28T18:49:19.767527,wheel,19005,192.8,92.0,54,1
2023-04-28T18:49:20.266868,wheel,19005,191.9,91.0,54,1
2023-04-28T18:49:20.480291,crank,52853,198.1,89.6,54,1
2023-04-28T18:49:21.265715,wheel,19005,190.0,91.0,54,1
2023-04-28T18:49:21.478976,crank,52853,190.9,88.7,54,1
2023-04-28T18:49:21.765133,wheel,19005,188.2,91.0,54,1
2023-04-28T18:49:22.227872,crank,52853,187.9,87.6,54,1
2023-04-28T18:49:22.264426,wheel,19005,181.8,90.0,54,1
2023-04-28T18:49:22.727230,crank,52853,189.3,86.7,54,1
2023-04-28T18:49:22.763794,wheel,19005,178.1,90.0,54,1
2023-04-28T18:49:23.476098,crank,52853,207.0,86.3,54,1
2023-04-28T18:49:23.762694,wheel,19005,184.9,89.0,54,1
2023-04-28T18:49:24.225583,crank,52853,218.3,88.5,54,1
2023-04-28T18:49:24.262063,wheel,19005,195.1,89.0,54,1
2023-04-28T18:49:24.474859,crank,52853,192.3,88.9,54,1
2023-04-28T18:49:24.761719,wheel,19005,191.0,89.0,54,1
2023-04-28T18:49:25.260629,wheel,19005,188.9,88.0,54,1
2023-04-28T18:49:25.723722,crank,52853,190.5,86.9,54,1
2023-04-28T18:49:25.972981,crank,52853,207.9,87.4,54,1
2023-04-28T18:49:26.259254,wheel,19005,187.1,89.0,54,1
2023-04-28T18:49:26.722057,crank,52853,206.7,87.6,54,1
2023-04-28T18:49:27.008414,wheel,19005,188.0,89.0,54,1
2023-04-28T18:49:27.221325,crank,52853,199.2,88.8,54,1
2023-04-28T18:49:27.257995,wheel,19005,188.0,89.0,54,1
2023-04-28T18:49:27.757362,wheel,19005,187.8,89.0,54,1
2023-04-28T18:49:27.970640,crank,52853,205.2,87.7,54,1
2023-04-28T18:49:28.719454,crank,52853,213.6,89.4,54,1
2023-04-28T18:49:28.756108,wheel,19005,189.5,90.0,54,1
2023-04-28T18:49:29.469035,crank,52853,200.6,89.5,54,1
2023-04-28T18:49:29.505352,wheel,19005,190.8,90.0,54,1
2023-04-28T18:49:29.754952,wheel,19005,191.0,90.0,54,1
2023-04-28T18:49:30.217610,crank,52853,196.0,89.0,54,1
2023-04-28T18:49:30.254322,wheel,19005,189.9,89.0,54,1
2023-04-28T18:49:30.966726,crank,52853,188.0,87.7,54,1
2023-04-28T18:49:31.253037,wheel,19005,185.2,89.0,54,1
2023-04-28T18:49:31.715940,crank,52853,185.7,87.5,54,1
2023-04-28T18:49:31.965409,crank,52853,189.0,86.6,54,1
2023-04-28T18:49:32.001990,wheel,19005,181.9,89.0,54,1
2023-04-28T18:49:32.251778,wheel,19005,180.9,89.0,54,1
2023-04-28T18:49:32.714701,crank,52853,191.9,87.1,54,1
2023-04-28T18:49:32.751080,wheel,19005,183.6,89.0,54,1
2023-04-28T18:49:33.750060,wheel,19005,184.1,89.0,54,1
2023-04-28T18:49:34.213081,crank,52853,202.3,87.4,54,1
2023-04-28T18:49:34.249295,wheel,19005,185.2,89.0,54,1
2023-04-28T18:49:34.748559,wheel,19005,185.0,89.0,54,1
2023-04-28T18:49:34.961672,crank,52853,202.2,87.9,54,1
2023-04-28T18:49:35.247922,wheel,19005,185.8,89.0,54,1
2023-04-28T18:49:35.710787,crank,52853,181.0,86.4,54,1
2023-04-28T18:49:36.246563,wheel,19005,184.0,88.0,54,1
2023-04-28T18:49:36.460112,crank,52853,179.4,86.0,54,1
2023-04-28T18:49:36.745939,wheel,19005,183.2,88.0,54,1
2023-04-28T18:49:37.208881,crank,52853,189.6,86.8,54,1
2023-04-28T18:49:37.245306,wheel,19005,183.1,88.0,54,1
2023-04-28T18:49:37.958178,crank,52853,199.2,86.2,54,1
2023-04-28T18:49:38.207636,crank,52853,201.8,87.7,54,1
2023-04-28T18:49:38.244024,wheel,19005,184.4,88.0,54,1
2023-04-28T18:49:38.957235,crank,52853,199.9,87.3,54,1
2023-04-28T18:49:39.242768,wheel,19005,185.6,89.0,54,1
2023-04-28T18:49:39.705765,crank,52853,215.9,88.9,54,1
2023-04-28T18:49:39.742175,wheel,19005,188.1,89.0,54,1
2023-04-28T18:49:40.205201,crank,52853,223.8,88.7,54,1
2023-04-28T18:49:40.241529,wheel,19005,198.2,89.0,54,1
2023-04-28T18:49:40.740927,wheel,19005,203.9,90.0,54,1
2023-04-28T18:49:40.954280,crank,52853,214.6,91.0,54,1
2023-04-28T18:49:41.739673,wheel,19005,203.4,91.0,54,1
2023-04-28T18:49:41.952970,crank,52853,191.8,88.7,54,1
2023-04-28T18:49:42.239022,wheel,19005,186.8,91.0,54,1
2023-04-28T18:49:42.452334,crank,52853,190.6,88.9,54,1
2023-04-28T18:49:42.738517,wheel,19005,177.9,90.0,54,1
2023-04-28T18:49:43.201877,crank,52853,187.0,86.8,54,1
2023-04-28T18:49:43.237861,wheel,19005,175.2,90.0,54,1
2023-04-28T18:49:43.950471,crank,52853,192.7,87.9,54,1
2023-04-28T18:49:44.236653,wheel,19005,179.9,89.0,54,1
2023-04-28T18:49:44.735850,wheel,19005,193.0,90.0,54,1
2023-04-28T18:49:44.949265,crank,52853,203.3,88.2,54,1
2023-04-28T18:49:45.484894,wheel,19005,191.8,90.0,54,1
2023-04-28T18:49:45.698311,crank,52853,212.4,88.9,54,1
2023-04-28T18:49:45.734549,wheel,19005,190.8,89.0,54,1
2023-04-28T18:49:46.447562,crank,52853,203.7,90.1,54,1
2023-04-28T18:49:46.733234,wheel,19005,191.4,91.0,54,1
2023-04-28T18:49:46.946869,crank,52853,202.5,90.0,54,1
2023-04-28T18:49:47.232599,wheel,19005,192.4,91.0,54,1
2023-04-28T18:49:47.695864,crank,52853,213.8,90.2,54,1
2023-04-28T18:49:47.981880,wheel,19005,193.9,92.0,54,1
2023-04-28T18:49:48.231361,wheel,19005,195.1,92.0,54,1
2023-04-28T18:49:48.445140,crank,52853,211.5,91.2,54,1
2023-04-28T18:49:49.230120,wheel,19005,195.6,92.0,54,1
2023-04-28T18:49:49.729564,wheel,19005,187.9,92.0,54,1
2023-04-28T18:49:50.192945,crank,52853,192.3,90.5,54,1
2023-04-28T18:49:50.228834,wheel,19005,184.1,92.0,54,1
2023-04-28T18:49:50.442475,crank,52853,190.5,89.7,54,1
2023-04-28T18:49:50.728286,wheel,19005,182.0,92.0,54,1
2023-04-28T18:49:50.941797,crank,52853,198.1,90.0,54,1
2023-04-28T18:49:51.940520,crank,52853,210.4,89.6,54,1
2023-04-28T18:49:52.226420,wheel,19005,187.4,90.0,54,1
2023-04-28T18:49:52.439917,crank,52853,208.6,90.7,54,1
2023-04-28T18:49:53.189196,crank,52853,203.3,90.3,54,1
2023-04-28T18:49:53.724668,wheel,19005,192.2,92.0,54,1
2023-04-28T18:49:53.938042,crank,52853,204.9,89.8,54,1
2023-04-28T18:49:54.687549,crank,52853,198.9,89.5,54,1
2023-04-28T18:49:54.936828,crank,52853,195.8,89.7,54,1
2023-04-28T18:49:54.972840,wheel,19005,191.4,92.0,54,1
2023-04-28T18:49:55.685902,crank,52853,199.3,89.3,54,1
2023-04-28T18:49:55.721868,wheel,19005,190.0,91.0,54,1
2023-04-28T18:49:56.435179,crank,52853,204.6,88.9,54,1
2023-04-28T18:49:56.934413,crank,52853,206.5,90.2,54,1
2023-04-28T18:49:57.683386,crank,52853,199.5,88.6,54,1
2023-04-28T18:49:57.969232,wheel,19005,190.9,91.0,54,1
2023-04-28T18:49:58.432683,crank,52853,200.2,88.1,54,1
2023-04-28T18:49:58.468546,wheel,19005,187.6,91.0,54,1
2023-04-28T18:52:57.741034,wheel,19005,186.7,86.0,40,6
2023-04-28T18:52:58.240366,wheel,19005,193.0,89.0,40,6
2023-04-28T18:52:58.739629,wheel,19005,190.5,89.0,40,6
2023-04-28T18:52:59.207045,crank,52853,208.9,89.3,40,6
2023-04-28T18:52:59.706344,crank,52853,192.6,89.0,40,6
2023-04-28T18:52:59.738451,wheel,19005,188.0,90.0,40,6
2023-04-28T18:53:00.455100,crank,52853,180.9,89.3,40,6
2023-04-28T18:53:00.487324,wheel,19005,176.8,90.0,40,6
2023-04-28T18:53:00.737215,wheel,19005,171.7,90.0,40,6
2023-04-28T18:53:01.204514,crank,52853,182.9,89.4,40,6
2023-04-28T18:53:01.236523,wheel,19005,184.0,89.0,40,6
2023-04-28T18:53:01.953052,crank,52853,209.5,88.8,40,6
2023-04-28T18:53:02.235421,wheel,19005,204.6,89.0,40,6
2023-04-28T18:53:02.702246,crank,52853,225.8,90.1,40,6
2023-04-28T18:53:02.984124,wheel,19005,201.1,89.0,40,6
2023-04-28T18:53:03.234050,wheel,19005,195.1,90.0,40,6
2023-04-28T18:53:03.451061,crank,52853,208.8,89.2,40,6
2023-04-28T18:53:03.733419,wheel,19005,186.5,90.0,40,6
2023-04-28T18:53:04.449682,crank,52853,193.8,89.2,40,6
2023-04-28T18:53:04.732135,wheel,19005,183.0,89.0,40,6
2023-04-28T18:53:04.948940,crank,52853,196.1,89.0,40,6
2023-04-28T18:53:05.481273,wheel,19005,183.7,90.0,40,6
2023-04-28T18:53:05.698369,crank,52853,197.8,89.8,40,6
2023-04-28T18:53:05.730740,wheel,19005,183.9,90.0,40,6
2023-04-28T18:53:06.230018,wheel,19005,183.8,89.0,40,6
2023-04-28T18:53:06.446927,crank,52853,192.5,88.2,40,6
2023-04-28T18:53:07.196139,crank,52853,191.6,89.4,40,6
2023-04-28T18:53:07.228790,wheel,19005,182.5,89.0,40,6
2023-04-28T18:53:07.728093,wheel,19005,180.1,89.0,40,6
2023-04-28T18:53:07.944741,crank,52853,193.9,88.0,40,6
2023-04-28T18:53:08.227479,wheel,19005,181.7,89.0,40,6
2023-04-28T18:53:08.693778,crank,52853,197.6,88.5,40,6
2023-04-28T18:53:09.226242,wheel,19005,182.0,88.0,40,6
2023-04-28T18:53:09.442972,crank,52853,191.2,88.8,40,6
2023-04-28T18:53:09.692365,crank,52853,194.0,89.3,40,6
2023-04-28T18:53:10.224966,wheel,19005,184.8,89.0,40,6
2023-04-28T18:53:10.441494,crank,52853,212.4,87.5,40,6
2023-04-28T18:53:10.724289,wheel,19005,198.2,89.0,40,6
2023-04-28T18:53:11.190377,crank,52853,230.1,90.5,40,6
2023-04-28T18:53:11.223688,wheel,19005,203.9,90.0,40,6
2023-04-28T18:53:11.723029,wheel,19005,200.0,90.0,40,6
2023-04-28T18:53:11.939508,crank,52853,219.1,90.2,40,6
2023-04-28T18:53:12.688277,crank,52853,214.6,91.0,40,6
2023-04-28T18:53:12.721792,wheel,19005,203.2,91.0,40,6
2023-04-28T18:53:13.221116,wheel,19005,195.1,91.0,40,6
2023-04-28T18:53:13.437456,crank,52853,209.9,90.5,40,6
2023-04-28T18:53:13.686924,crank,52853,191.1,90.0,40,6
2023-04-28T18:53:13.720495,wheel,19005,182.1,91.0,40,6
2023-04-28T18:53:14.219865,wheel,19005,160.7,89.0,40,6
2023-04-28T18:53:14.436143,crank,52853,166.3,88.8,40,6
2023-04-28T18:53:15.184880,crank,52853,165.5,88.4,40,6
2023-04-28T18:53:15.218595,wheel,19005,157.7,89.0,40,6
2023-04-28T18:53:15.684191,crank,52853,180.3,88.6,40,6
2023-04-28T18:53:15.717967,wheel,19005,172.0,89.0,40,6
2023-04-28T18:53:16.217331,wheel,19005,176.7,89.0,40,6
2023-04-28T18:53:16.433399,crank,52853,183.3,88.0,40,6
2023-04-28T18:53:17.182144,crank,52853,182.2,86.2,40,6
2023-04-28T18:53:17.715420,wheel,19005,178.8,88.0,40,6
2023-04-28T18:53:18.180804,crank,52853,199.3,89.3,40,6
2023-04-28T18:53:18.930224,crank,52853,220.1,88.1,40,6
2023-04-28T18:53:19.429427,crank,52853,230.9,89.8,40,6
2023-04-28T18:53:19.962983,wheel,19005,208.7,88.0,40,6
2023-04-28T18:53:20.178029,crank,52853,211.4,89.2,40,6
2023-04-28T18:53:20.428179,crank,52853,189.0,89.0,40,6
2023-04-28T18:53:20.711664,wheel,19005,186.4,90.0,40,6
2023-04-28T18:53:21.176644,crank,52853,175.2,87.6,40,6
2023-04-28T18:53:21.460793,wheel,19005,169.4,89.0,40,6
2023-04-28T18:53:21.926109,crank,52853,187.4,87.0,40,6
2023-04-28T18:53:22.209857,wheel,19005,166.8,89.0,40,6
2023-04-28T18:53:22.674613,crank,52853,193.2,87.7,40,6
2023-04-28T18:53:23.173909,crank,52853,197.2,87.2,40,6
2023-04-28T18:53:23.208511,wheel,19005,176.2,88.0,40,6
2023-04-28T18:53:23.923303,crank,52853,202.8,88.1,40,6
2023-04-28T18:53:24.207289,wheel,19005,178.9,87.0,40,6
2023-04-28T18:53:24.671853,crank,52853,191.3,87.3,40,6
2023-04-28T18:53:24.706617,wheel,19005,178.8,87.0,40,6
2023-04-28T18:53:25.206073,wheel,19005,171.0,88.0,40,6
2023-04-28T18:53:25.420966,crank,52853,181.8,88.0,40,6
2023-04-28T18:53:26.669618,crank,52853,196.8,87.4,40,6
2023-04-28T18:53:27.418375,crank,52853,200.6,89.1,40,6
2023-04-28T18:53:27.702877,wheel,19005,180.9,89.0,40,6
2023-04-28T18:53:28.167575,crank,52853,204.2,88.4,40,6
2023-04-28T18:53:28.667069,crank,52853,212.7,89.0,40,6
2023-04-28T18:53:28.951182,wheel,19005,184.8,89.0,40,6
2023-04-28T18:53:29.415919,crank,52853,196.3,90.0,40,6
2023-04-28T18:53:29.700314,wheel,19005,185.4,88.0,40,6
2023-04-28T18:53:30.165179,crank,52853,190.5,89.3,40,6
2023-04-28T18:53:30.449285,wheel,19005,185.5,90.0,40,6
2023-04-28T18:53:31.163946,crank,52853,208.5,89.1,40,6
2023-04-28T18:53:31.663296,crank,52853,202.8,89.7,40,6
2023-04-28T18:53:31.947352,wheel,19005,185.0,90.0,40,6
2023-04-28T18:53:32.446736,wheel,19005,184.2,89.0,40,6
2023-04-28T18:53:32.946143,wheel,19005,183.8,89.0,40,6
2023-04-28T18:53:33.161469,crank,52853,199.2,88.9,40,6
2023-04-28T18:53:33.410930,crank,52853,194.1,88.5,40,6
2023-04-28T18:53:33.445474,wheel,19005,183.9,89.0,40,6
2023-04-28T18:53:34.160408,crank,52853,187.0,88.5,40,6
2023-04-28T18:53:34.444193,wheel,19005,176.7,88.0,40,6
2023-04-28T18:53:34.909137,crank,52853,173.0,87.8,40,6
2023-04-28T18:53:34.943550,wheel,19005,162.8,88.0,40,6
2023-04-28T18:53:35.408462,crank,52853,175.9,87.3,40,6
2023-04-28T18:53:35.442919,wheel,19005,160.9,88.0,40,6
2023-04-28T18:53:35.942304,wheel,19005,170.9,88.0,40,6
2023-04-28T18:53:36.157982,crank,52853,185.0,87.5,40,6
2023-04-28T18:53:36.906601,crank,52853,183.1,87.0,40,6
2023-04-28T18:53:36.941016,wheel,19005,175.5,88.0,40,6
2023-04-28T18:53:37.440392,wheel,19005,176.1,87.0,40,6
2023-04-28T18:53:37.905331,crank,52853,187.1,86.9,40,6
2023-04-28T18:53:38.189537,wheel,19005,180.0,87.0,40,6
2023-04-28T18:53:38.404696,crank,52853,207.6,86.5,40,6
2023-04-28T18:53:38.439234,wheel,19005,188.9,87.0,40,6
2023-04-28T18:53:39.403441,crank,52853,217.6,87.8,40,6
2023-04-28T18:53:39.437977,wheel,19005,191.4,87.0,40,6
2023-04-28T18:53:39.902850,crank,52853,196.7,86.6,40,6
2023-04-28T18:53:39.937326,wheel,19005,183.9,87.0,40,6
2023-04-28T18:53:40.436764,wheel,19005,181.8,88.0,40,6
2023-04-28T18:53:40.652013,crank,52853,195.3,87.5,40,6
2023-04-28T18:53:40.936111,wheel,19005,181.4,88.0,40,6
2023-04-28T18:53:41.400960,crank,52853,195.2,89.0,40,6
2023-04-28T18:53:41.900347,crank,52853,200.6,87.6,40,6
2023-04-28T18:53:41.934884,wheel,19005,187.1,88.0,40,6
2023-04-28T18:53:42.399724,crank,52853,206.2,88.8,40,6
2023-04-28T18:53:42.434232,wheel,19005,192.8,88.0,40,6
2023-04-28T18:53:42.933585,wheel,19005,181.8,88.0,40,6
2023-04-28T18:53:43.148941,crank,52853,200.5,87.9,40,6
2023-04-28T18:53:43.432886,wheel,19005,175.7,89.0,40,6
2023-04-28T18:53:43.898065,crank,52853,204.8,89.0,40,6
2023-04-28T18:53:44.431602,wheel,19005,180.1,88.0,40,6
2023-04-28T18:53:44.930952,wheel,19005,183.9,88.0,40,6
2023-04-28T18:53:45.396213,crank,52853,205.4,88.9,40,6
2023-04-28T18:53:45.430336,wheel,19005,185.2,90.0,40,6
2023-04-28T18:53:45.645767,crank,52853,204.7,89.8,40,6
2023-04-28T18:53:45.929734,wheel,19005,186.0,90.0,40,6
2023-04-28T18:53:46.394966,crank,52853,200.0,89.2,40,6
2023-04-28T18:53:46.928427,wheel,19005,183.9,90.0,40,6
2023-04-28T18:53:47.143812,crank,52853,197.1,89.5,40,6
2023-04-28T18:53:47.427830,wheel,19005,182.3,89.0,40,6
2023-04-28T18:53:47.927179,wheel,19005,179.7,89.0,40,6
2023-04-28T18:53:48.426519,wheel,19005,176.2,89.0,40,6
2023-04-28T18:53:48.641931,crank,52853,185.1,88.2,40,6
2023-04-28T18:53:49.141333,crank,52853,184.3,87.6,40,6
2023-04-28T18:53:49.425237,wheel,19005,175.8,87.0,40,6
2023-04-28T18:53:49.890577,crank,52853,196.4,86.8,40,6
2023-04-28T18:53:50.174217,wheel,19005,177.8,87.0,40,6
2023-04-28T18:53:50.423965,wheel,19005,180.6,88.0,40,6
2023-04-28T18:53:50.889324,crank,52853,210.3,88.4,40,6
2023-04-28T18:53:51.172946,wheel,19005,182.2,88.0,40,6
2023-04-28T18:53:51.388817,crank,52853,212.4,89.3,40,6
2023-04-28T18:53:51.922231,wheel,19005,192.3,89.0,40,6
2023-04-28T18:53:52.137634,crank,52853,219.1,89.5,40,6
2023-04-28T18:53:52.387536,crank,52853,217.2,89.8,40,6
2023-04-28T18:53:52.421578,wheel,19005,195.0,90.0,40,6
2023-04-28T18:53:52.920892,wheel,19005,190.4,90.0,40,6
2023-04-28T18:53:53.136368,crank,52853,209.3,90.2,40,6
2023-04-28T18:53:53.420338,wheel,19005,188.9,90.0,40,6
2023-04-28T18:53:54.419078,wheel,19005,187.7,89.0,40,6
2023-04-28T18:53:54.634475,crank,52853,197.8,89.8,40,6
2023-04-28T18:53:55.133868,crank,52853,181.2,89.0,40,6
2023-04-28T18:53:55.167892,wheel,19005,186.5,89.0,40,6
2023-04-28T18:53:55.417773,wheel,19005,184.8,89.0,40,6
2023-04-28T18:53:55.883379,crank,52853,196.6,88.8,40,6
2023-04-28T18:53:55.917160,wheel,19005,184.0,89.0,40,6
2023-04-28T18:53:56.632035,crank,52853,207.0,89.2,40,6
2023-04-28T18:53:56.915904,wheel,19005,185.2,89.0,40,6
2023-04-28T18:53:57.415327,wheel,19005,185.5,90.0,40,6
2023-04-28T18:53:57.630775,crank,52853,197.8,90.2,40,6
2023-04-28T18:53:57.880972,crank,52853,209.7,89.2,40,6
2023-04-28T18:53:58.413935,wheel,19005,196.9,90.0,40,6
2023-04-28T18:53:58.629509,crank,52853,228.1,90.4,40,6
2023-04-28T18:53:58.913463,wheel,19005,200.6,90.0,40,6
2023-04-28T18:53:59.878137,crank,52853,215.0,90.5,40,6
2023-04-28T18:54:00.161775,wheel,19005,196.6,90.0,40,6
2023-04-28T18:54:00.411374,wheel,19005,194.1,90.0,40,6
2023-04-28T18:54:00.627028,crank,52853,200.0,91.6,40,6
2023-04-28T18:54:00.910688,wheel,19005,188.5,91.0,40,6
2023-04-28T18:54:01.376317,crank,52853,198.3,89.6,40,6
2023-04-28T18:54:01.410013,wheel,19005,184.4,91.0,40,6
2023-04-28T18:54:02.125237,crank,52853,198.4,90.9,40,6
2023-04-28T18:54:02.374930,crank,52853,193.3,89.8,40,6
2023-04-28T18:54:02.658498,wheel,19005,187.0,91.0,40,6
2023-04-28T18:54:02.908062,wheel,19005,187.9,90.0,40,6
2023-04-28T18:54:03.407394,wheel,19005,188.1,90.0,40,6
2023-04-28T18:54:03.623296,crank,52853,203.3,90.3,40,6
2023-04-28T18:54:03.873237,crank,52853,199.0,90.0,40,6
2023-04-28T18:54:03.906790,wheel,19005,188.3,90.0,40,6
2023-04-28T18:54:04.622248,crank,52853,206.9,90.0,40,6
2023-04-28T18:54:04.905522,wheel,19005,188.2,89.0,40,6
2023-04-28T18:54:05.121651,crank,52853,216.8,90.8,40,6
2023-04-28T18:54:05.404900,wheel,19005,190.0,89.0,40,6
2023-04-28T18:54:05.870522,crank,52853,209.7,90.8,40,6
2023-04-28T18:54:05.904281,wheel,19005,191.0,91.0,40,6
2023-04-28T18:54:06.403615,wheel,19005,190.1,91.0,40,6
2023-04-28T18:54:06.619750,crank,52853,203.0,89.8,40,6
2023-04-28T18:54:07.368668,crank,52853,199.3,89.7,40,6
2023-04-28T18:54:07.402336,wheel,19005,188.4,91.0,40,6
2023-04-28T18:54:07.901730,wheel,19005,186.7,90.0,40,6
2023-04-28T18:54:08.117925,crank,52853,209.2,90.2,40,6
2023-04-28T18:54:08.401045,wheel,19005,187.0,90.0,40,6
2023-04-28T18:54:08.866751,crank,52853,212.2,89.6,40,6
2023-04-28T18:54:08.900436,wheel,19005,186.4,90.0,40,6
2023-04-28T18:54:09.116651,crank,52853,194.4,90.3,40,6
2023-04-28T18:54:09.865534,crank,52853,186.6,89.1,40,6
2023-04-28T18:54:09.899164,wheel,19005,185.4,89.0,40,6
2023-04-28T18:54:10.398517,wheel,19005,184.9,89.0,40,6
2023-04-28T18:54:10.614779,crank,52853,200.8,90.0,40,6
2023-04-28T18:54:10.897909,wheel,19005,185.3,90.0,40,6
2023-04-28T18:54:11.114192,crank,52853,212.7,89.8,40,6
2023-04-28T18:54:11.397270,wheel,19005,185.8,90.0,40,6
2023-04-28T18:54:11.863024,crank,52853,224.3,89.5,40,6
2023-04-28T18:54:12.396006,wheel,19005,191.7,90.0,40,6
2023-04-28T18:54:12.861777,crank,52853,218.8,90.5,40,6
2023-04-28T18:54:12.895373,wheel,19005,192.3,91.0,40,6
2023-04-28T18:54:13.111631,crank,52853,209.5,90.3,40,6
2023-04-28T18:54:13.394737,wheel,19005,193.3,91.0,40,6
2023-04-28T18:54:13.860507,crank,52853,204.1,88.7,40,6
2023-04-28T18:54:13.894080,wheel,19005,193.8,91.0,40,6
2023-04-28T18:54:14.359907,crank,52853,181.6,93.1,40,6
2023-04-28T18:54:14.892818,wheel,19005,181.5,90.0,40,6
2023-04-28T18:54:15.109192,crank,52853,180.0,88.8,40,6
2023-04-28T18:54:15.392230,wheel,19005,188.2,90.0,40,6
2023-04-28T18:54:15.858063,crank,52853,203.9,90.2,40,6
2023-04-28T18:54:16.141326,wheel,19005,194.3,90.0,40,6
2023-04-28T18:54:16.607262,crank,52853,198.6,90.2,40,6
2023-04-28T18:54:16.640683,wheel,19005,193.3,90.0,40,6
2023-04-28T18:54:17.356181,crank,52853,197.1,90.3,40,6
2023-04-28T18:54:17.389693,wheel,19005,188.8,90.0,40,6
2023-04-28T18:54:18.105391,crank,52853,208.5,89.1,40,6
2023-04-28T18:54:18.638306,wheel,19005,198.4,90.0,40,6
2023-04-28T18:54:18.854318,crank,52853,226.9,91.2,40,6
2023-04-28T18:54:18.887747,wheel,19005,203.3,90.0,40,6
2023-04-28T18:54:19.387120,wheel,19005,196.5,91.0,40,6
2023-04-28T18:54:19.853089,crank,52853,213.0,90.5,40,6
2023-04-28T18:54:20.385861,wheel,19005,191.2,90.0,40,6
2023-04-28T18:54:20.602359,crank,52853,208.4,90.2,40,6
2023-04-28T18:54:21.135156,wheel,19005,189.3,90.0,40,6
2023-04-28T18:54:21.351176,crank,52853,199.4,91.0,40,6
2023-04-28T18:54:21.634482,wheel,19005,188.9,91.0,40,6
2023-04-28T18:54:21.850567,crank,52853,201.1,88.9,40,6
2023-04-28T18:54:21.883940,wheel,19005,199.2,91.0,40,6
2023-04-28T18:54:22.600044,crank,52853,214.9,90.7,40,6
2023-04-28T18:54:22.882691,wheel,19005,200.3,91.0,40,6
2023-04-28T18:54:23.348717,crank,52853,181.7,90.2,40,6
2023-04-28T18:54:23.382057,wheel,19005,163.4,90.0,40,6
2023-04-28T18:54:23.881503,wheel,19005,152.7,90.0,40,6
2023-04-28T18:54:24.098256,crank,52853,167.3,88.9,40,6
2023-04-28T18:54:24.380792,wheel,19005,162.7,89.0,40,6
2023-04-28T18:54:24.846859,crank,52853,182.0,87.7,40,6
2023-04-28T18:54:25.096978,crank,52853,187.4,89.0,40,6
2023-04-28T18:54:25.379493,wheel,19005,166.1,88.0,40,6
2023-04-28T18:54:25.845597,crank,52853,202.9,87.8,40,6
2023-04-28T18:54:25.878874,wheel,19005,180.7,88.0,40,6
2023-04-28T18:54:26.378237,wheel,19005,195.8,89.0,40,6
2023-04-28T18:54:26.877613,wheel,19005,199.2,89.0,40,6
2023-04-28T18:54:27.094513,crank,52853,216.3,89.8,40,6
2023-04-28T18:54:27.843128,crank,52853,199.6,89.8,40,6
2023-04-28T18:54:27.876373,wheel,19005,189.7,90.0,40,6
2023-04-28T18:54:28.375740,wheel,19005,187.1,90.0,40,6
2023-04-28T18:54:28.841884,crank,52853,200.2,89.3,40,6
2023-04-28T18:54:29.374435,wheel,19005,185.8,90.0,40,6
2023-04-28T18:54:29.591437,crank,52853,211.5,88.9,40,6
2023-04-28T18:54:29.840626,crank,52853,194.9,89.7,40,6
2023-04-28T18:54:29.873832,wheel,19005,180.0,90.0,40,6
2023-04-28T18:54:30.590164,crank,52853,187.9,89.3,40,6
2023-04-28T18:54:30.872562,wheel,19005,177.2,89.0,40,6
2023-04-28T18:54:31.338758,crank,52853,205.8,88.7,40,6
2023-04-28T18:54:31.371933,wheel,19005,182.1,89.0,40,6
2023-04-28T18:54:31.838136,crank,52853,204.8,89.0,40,6
2023-04-28T18:54:31.871430,wheel,19005,183.7,89.0,40,6
2023-04-28T18:54:32.370853,wheel,19005,184.3,90.0,40,6
2023-04-28T18:54:32.587555,crank,52853,197.0,89.0,40,6
2023-04-28T18:54:33.369551,wheel,19005,182.0,89.0,40,6
2023-04-28T18:54:33.586392,crank,52853,181.4,87.8,40,6
2023-04-28T18:54:33.868922,wheel,19005,154.9,89.0,40,6
2023-04-28T18:54:34.085799,crank,52853,155.5,86.7,40,6
2023-04-28T18:54:34.834407,crank,52853,161.1,87.9,40,6
2023-04-28T18:54:34.867690,wheel,19005,156.6,88.0,40,6
2023-04-28T18:54:35.583507,crank,52853,180.6,87.0,40,6
2023-04-28T18:54:35.866310,wheel,19005,182.0,87.0,40,6
2023-04-28T18:54:36.332736,crank,52853,183.0,87.8,40,6
2023-04-28T18:54:36.365696,wheel,19005,177.8,88.0,40,6
2023-04-28T18:54:36.582224,crank,52853,188.4,87.5,40,6
2023-04-28T18:54:37.114581,wheel,19005,183.2,88.0,40,6
2023-04-28T18:54:37.364415,wheel,19005,195.2,88.0,40,6
2023-04-28T18:54:37.830876,crank,52853,211.9,88.3,40,6
2023-04-28T18:54:38.080342,crank,52853,214.2,88.2,40,6
2023-04-28T18:54:38.363159,wheel,19005,200.8,89.0,40,6
2023-04-28T18:54:38.829656,crank,52853,218.0,90.2,40,6
2023-04-28T18:54:38.862539,wheel,19005,203.2,89.0,40,6
2023-04-28T18:54:39.328988,crank,52853,214.6,89.1,40,6
2023-04-28T18:54:39.361894,wheel,19005,202.0,90.0,40,6
2023-04-28T18:54:39.861269,wheel,19005,197.9,90.0,40,6
2023-04-28T18:54:40.077862,crank,52853,195.8,90.1,40,6
2023-04-28T18:54:40.827178,crank,52853,177.0,89.0,40,6
2023-04-28T18:54:40.859947,wheel,19005,177.2,89.0,40,6
2023-04-28T18:54:41.359347,wheel,19005,170.8,89.0,40,6
2023-04-28T18:54:41.825898,crank,52853,169.4,88.2,40,6
2023-04-28T18:54:41.858674,wheel,19005,174.9,89.0,40,6
2023-04-28T18:54:42.325311,crank,52853,171.9,87.3,40,6
2023-04-28T18:54:42.358048,wheel,19005,176.8,88.0,40,6
2023-04-28T18:54:43.074129,crank,52853,192.8,88.0,40,6
2023-04-28T18:54:43.324117,crank,52853,206.7,88.7,40,6
2023-04-28T18:54:43.356756,wheel,19005,180.7,88.0,40,6
2023-04-28T18:54:43.856114,wheel,19005,188.1,88.0,40,6
2023-04-28T18:54:44.322783,crank,52853,227.9,88.3,40,6
2023-04-28T18:54:44.355464,wheel,19005,206.7,89.0,40,6
2023-04-28T18:54:44.822139,crank,52853,245.8,89.8,40,6
2023-04-28T18:54:44.854906,wheel,19005,220.4,89.0,40,6
2023-04-28T18:54:45.571020,crank,52853,221.9,91.0,40,6
2023-04-28T18:54:45.853617,wheel,19005,208.2,89.0,40,6
2023-04-28T18:54:46.320291,crank,52853,202.1,90.5,40,6
2023-04-28T18:54:46.352889,wheel,19005,193.8,91.0,40,6
2023-04-28T18:54:46.852302,wheel,19005,192.0,91.0,40,6
2023-04-28T18:54:47.069178,crank,52853,201.2,90.5,40,6
2023-04-28T18:54:47.351678,wheel,19005,190.6,91.0,40,6
2023-04-28T18:54:47.818399,crank,52853,192.2,89.7,40,6
2023-04-28T18:54:48.067901,crank,52853,193.4,90.2,40,6
2023-04-28T18:54:48.350389,wheel,19005,188.5,90.0,40,6
2023-04-28T18:54:48.817189,crank,52853,199.3,89.3,40,6
2023-04-28T18:54:48.849734,wheel,19005,186.9,90.0,40,6
2023-04-28T18:54:49.349108,wheel,19005,186.7,90.0,40,6
2023-04-28T18:54:49.848585,wheel,19005,187.1,90.0,40,6
2023-04-28T18:54:50.065497,crank,52853,206.3,89.9,40,6
2023-04-28T18:54:50.814688,crank,52853,215.2,90.8,40,6
2023-04-28T18:54:51.096848,wheel,19005,188.5,89.0,40,6
2023-04-28T18:54:51.346619,wheel,19005,191.6,89.0,40,6
2023-04-28T18:54:51.563634,crank,52853,208.1,90.1,40,6
2023-04-28T18:54:51.845939,wheel,19005,190.1,91.0,40,6
2023-04-28T18:54:52.312815,crank,52853,197.8,91.4,40,6
2023-04-28T18:54:52.345338,wheel,19005,187.0,91.0,40,6
2023-04-28T18:54:53.061701,crank,52853,198.9,89.5,40,6
2023-04-28T18:54:53.344249,wheel,19005,184.9,91.0,40,6
2023-04-28T18:54:53.810963,crank,52853,206.2,90.4,40,6
2023-04-28T18:54:53.843532,wheel,19005,185.1,90.0,40,6
2023-04-28T18:54:54.060427,crank,52853,205.0,89.1,40,6
2023-04-28T18:54:54.342983,wheel,19005,185.8,90.0,40,6
2023-04-28T18:54:54.809717,crank,52853,191.3,89.2,40,6
2023-04-28T18:54:55.091754,wheel,19005,183.0,90.0,40,6
2023-04-28T18:54:55.841045,wheel,19005,161.7,88.0,40,6
2023-04-28T18:54:56.057959,crank,52853,176.1,88.6,40,6
2023-04-28T18:54:56.340456,wheel,19005,167.6,88.0,40,6
2023-04-28T18:54:56.807219,crank,52853,202.1,87.5,40,6
2023-04-28T18:54:56.839754,wheel,19005,189.3,89.0,40,6
2023-04-28T18:54:57.556082,crank,52853,211.1,89.1,40,6
2023-04-28T18:54:57.588600,wheel,19005,200.1,89.0,40,6
2023-04-28T18:54:58.305383,crank,52853,202.9,88.6,40,6
2023-04-28T18:54:58.337839,wheel,19005,185.2,89.0,40,6
2023-04-28T18:54:58.837261,wheel,19005,181.2,89.0,40,6
2023-04-28T18:54:59.304044,crank,52853,202.7,89.2,40,6
2023-04-28T18:54:59.336446,wheel,19005,190.5,89.0,40,6
2023-04-28T18:55:00.053001,crank,52853,203.2,89.1,40,6
2023-04-28T18:55:00.302889,crank,52853,204.2,90.3,40,6
2023-04-28T18:55:00.335284,wheel,19005,193.3,89.0,40,6
2023-04-28T18:55:00.802229,crank,52853,203.7,88.9,40,6
2023-04-28T18:55:01.334051,wheel,19005,187.8,89.0,40,6
2023-04-28T18:55:01.551123,crank,52853,191.8,89.9,40,6
2023-04-28T18:55:01.833471,wheel,19005,179.8,90.0,40,6
2023-04-28T18:55:02.332829,wheel,19005,171.0,90.0,40,6
2023-04-28T18:55:03.049256,crank,52853,177.8,88.4,40,6
2023-04-28T18:55:03.081645,wheel,19005,171.9,89.0,40,6
2023-04-28T18:55:03.798513,crank,52853,203.0,89.4,40,6
2023-04-28T18:55:03.830833,wheel,19005,189.4,89.0,40,6
2023-04-28T18:55:04.330306,wheel,19005,189.6,89.0,40,6
2023-04-28T18:55:04.547378,crank,52853,206.3,88.5,40,6
2023-04-28T18:57:47.872775,wheel,19005,210.1,94.0,40,1
2023-04-28T18:57:48.339603,crank,52853,210.2,98.1,40,1
2023-04-28T18:57:48.839146,crank,52853,220.5,95.8,40,1
2023-04-28T18:57:48.871341,wheel,19005,218.6,97.0,40,1
2023-04-28T18:57:49.370846,wheel,19005,216.8,97.0,40,1
2023-04-28T18:57:49.837958,crank,52853,234.7,97.1,40,1
2023-04-28T18:57:49.870025,wheel,19005,214.0,96.0,40,1
2023-04-28T18:57:50.087275,crank,52853,214.2,98.1,40,1
2023-04-28T18:57:50.369590,wheel,19005,208.0,96.0,40,1
2023-04-28T18:57:51.335962,crank,52853,195.1,95.3,40,1
2023-04-28T18:57:51.368052,wheel,19005,198.0,96.0,40,1
2023-04-28T18:57:51.867567,wheel,19005,188.9,95.0,40,1
2023-04-28T18:57:52.084747,crank,52853,196.1,94.5,40,1
2023-04-28T18:57:52.366940,wheel,19005,185.8,95.0,40,1
2023-04-28T18:57:52.834060,crank,52853,181.4,94.5,40,1
2023-04-28T18:57:52.866198,wheel,19005,187.0,94.0,40,1
2023-04-28T18:57:53.582874,crank,52853,184.9,92.5,40,1
2023-04-28T18:57:53.864863,wheel,19005,185.9,94.0,40,1
2023-04-28T18:57:54.332163,crank,52853,195.6,92.5,40,1
2023-04-28T18:57:54.364247,wheel,19005,185.0,93.0,40,1
2023-04-28T18:57:54.581652,crank,52853,194.7,92.5,40,1
2023-04-28T18:57:54.863617,wheel,19005,188.1,92.0,40,1
2023-04-28T18:57:55.330956,crank,52853,197.1,92.8,40,1
2023-04-28T18:57:55.362977,wheel,19005,190.1,92.0,40,1
2023-04-28T18:57:56.079747,crank,52853,200.9,93.3,40,1
2023-04-28T18:57:56.361709,wheel,19005,191.4,93.0,40,1
2023-04-28T18:57:56.579131,crank,52853,195.3,92.8,40,1
2023-04-28T18:57:56.861059,wheel,19005,193.1,93.0,40,1
2023-04-28T18:57:57.328425,crank,52853,198.0,92.8,40,1
2023-04-28T18:57:57.360428,wheel,19005,193.0,93.0,40,1
2023-04-28T18:57:57.859796,wheel,19005,194.0,93.0,40,1
2023-04-28T18:57:58.327147,crank,52853,198.3,93.4,40,1
2023-04-28T18:57:58.858583,wheel,19005,194.2,93.0,40,1
2023-04-28T18:57:59.076123,crank,52853,208.7,93.5,40,1
2023-04-28T18:57:59.357899,wheel,19005,196.1,93.0,40,1
2023-04-28T18:57:59.825325,crank,52853,219.5,94.6,40,1
2023-04-28T18:57:59.857313,wheel,19005,197.0,93.0,40,1
2023-04-28T18:58:00.324491,crank,52853,205.9,95.6,40,1
2023-04-28T18:58:01.073715,crank,52853,184.5,93.7,40,1
2023-04-28T18:58:01.355417,wheel,19005,196.5,94.0,40,1
2023-04-28T18:58:01.854630,wheel,19005,192.1,94.0,40,1
2023-04-28T18:58:02.072845,crank,52853,178.9,92.2,40,1
2023-04-28T18:58:02.353981,wheel,19005,188.1,92.0,40,1
2023-04-28T18:58:02.572157,crank,52853,183.5,91.0,40,1
2023-04-28T18:58:03.103283,wheel,19005,184.9,92.0,40,1
2023-04-28T18:58:03.320766,crank,52853,190.4,90.1,40,1
2023-04-28T18:58:03.852076,wheel,19005,186.5,91.0,40,1
2023-04-28T18:58:04.070323,crank,52853,200.0,90.8,40,1
2023-04-28T18:58:04.351446,wheel,19005,187.9,91.0,40,1
2023-04-28T18:58:04.850817,wheel,19005,190.1,91.0,40,1
2023-04-28T18:58:05.318290,crank,52853,204.4,92.0,40,1
2023-04-28T18:58:05.817666,crank,52853,185.8,92.2,40,1
2023-04-28T18:58:06.348940,wheel,19005,190.0,92.0,40,1
2023-04-28T18:58:06.566928,crank,52853,194.7,90.4,40,1
2023-04-28T18:58:06.816398,crank,52853,210.9,92.5,40,1
2023-04-28T18:58:06.848279,wheel,19005,191.9,92.0,40,1
2023-04-28T18:58:07.347635,wheel,19005,193.8,92.0,40,1
2023-04-28T18:58:07.565683,crank,52853,198.5,93.0,40,1
2023-04-28T18:58:07.847005,wheel,19005,195.2,92.0,40,1
2023-04-28T18:58:08.065036,crank,52853,189.4,92.2,40,1
2023-04-28T18:58:08.813902,crank,52853,190.1,90.8,40,1
2023-04-28T18:58:08.845693,wheel,19005,194.0,92.0,40,1
2023-04-28T18:58:09.345105,wheel,19005,190.9,91.0,40,1
2023-04-28T18:58:09.812663,crank,52853,185.9,89.6,40,1
2023-04-28T18:58:09.844505,wheel,19005,191.1,91.0,40,1
2023-04-28T18:58:10.312115,crank,52853,192.7,94.2,40,1
2023-04-28T18:58:10.343841,wheel,19005,207.9,91.0,40,1
2023-04-28T18:58:11.061358,crank,52853,199.2,96.9,40,1
2023-04-28T18:58:11.310870,crank,52853,208.5,95.1,40,1
2023-04-28T18:58:11.342567,wheel,19005,215.8,91.0,40,1
2023-04-28T18:58:12.059856,crank,52853,212.5,94.8,40,1
2023-04-28T18:58:12.341291,wheel,19005,217.0,95.0,40,1
2023-04-28T18:58:12.559204,crank,52853,209.2,95.8,40,1
2023-04-28T18:58:12.840700,wheel,19005,202.9,95.0,40,1
2023-04-28T18:58:13.308615,crank,52853,197.0,96.3,40,1
2023-04-28T18:58:13.589882,wheel,19005,196.8,95.0,40,1
2023-04-28T18:58:14.307384,crank,52853,193.7,93.8,40,1
2023-04-28T18:58:14.338820,wheel,19005,197.6,95.0,40,1
2023-04-28T18:58:14.806874,crank,52853,204.0,94.3,40,1
2023-04-28T18:58:14.838214,wheel,19005,195.0,95.0,40,1
2023-04-28T18:58:15.337764,wheel,19005,195.1,93.0,40,1
2023-04-28T18:58:15.555522,crank,52853,189.7,94.1,40,1
2023-04-28T18:58:15.805620,crank,52853,192.1,93.0,40,1
2023-04-28T18:58:15.837091,wheel,19005,194.9,93.0,40,1
2023-04-28T18:58:16.554283,crank,52853,203.3,93.6,40,1
2023-04-28T18:58:16.835687,wheel,19005,193.9,93.0,40,1
2023-04-28T18:58:17.053646,crank,52853,206.2,93.2,40,1
2023-04-28T18:58:17.335146,wheel,19005,194.8,93.0,40,1
2023-04-28T18:58:17.803156,crank,52853,223.8,94.5,40,1
2023-04-28T18:58:17.834618,wheel,19005,197.0,93.0,40,1
2023-04-28T18:58:18.333954,wheel,19005,198.8,95.0,40,1
2023-04-28T18:58:18.551773,crank,52853,220.2,96.2,40,1
2023-04-28T18:58:19.301088,crank,52853,206.4,95.8,40,1
2023-04-28T18:58:19.550560,crank,52853,193.2,96.6,40,1
2023-04-28T18:58:19.582107,wheel,19005,200.9,95.0,40,1
2023-04-28T18:58:19.831896,wheel,19005,202.0,96.0,40,1
2023-04-28T18:58:20.331261,wheel,19005,200.1,96.0,40,1
2023-04-28T18:58:20.549289,crank,52853,189.3,94.7,40,1
2023-04-28T18:58:20.830568,wheel,19005,198.9,94.0,40,1
2023-04-28T18:58:21.048668,crank,52853,195.6,94.7,40,1
2023-04-28T18:58:21.797938,crank,52853,186.3,93.7,40,1
2023-04-28T18:58:21.829321,wheel,19005,196.0,94.0,40,1
2023-04-28T18:58:22.328780,wheel,19005,194.9,94.0,40,1
2023-04-28T18:58:22.546800,crank,52853,198.9,93.2,40,1
2023-04-28T18:58:22.796601,crank,52853,213.3,93.5,40,1
2023-04-28T18:58:22.828074,wheel,19005,195.0,93.0,40,1
2023-04-28T18:58:23.327445,wheel,19005,195.9,93.0,40,1
2023-04-28T18:58:23.545568,crank,52853,213.5,94.8,40,1
2023-04-28T18:58:24.044979,crank,52853,212.3,96.8,40,1
2023-04-28T18:58:24.326194,wheel,19005,198.9,94.0,40,1
2023-04-28T18:58:24.825554,wheel,19005,200.9,96.0,40,1
2023-04-28T18:58:25.043768,crank,52853,208.3,96.8,40,1
2023-04-28T18:58:25.325004,wheel,19005,202.0,96.0,40,1
2023-04-28T18:58:25.543172,crank,52853,198.2,96.0,40,1
2023-04-28T18:58:25.824364,wheel,19005,202.0,95.0,40,1
2023-04-28T18:58:26.292109,crank,52853,191.5,95.8,40,1
2023-04-28T18:58:26.542284,crank,52853,188.6,95.2,40,1
2023-04-28T18:58:26.823085,wheel,19005,199.9,95.0,40,1
2023-04-28T18:58:27.290861,crank,52853,191.1,94.8,40,1
2023-04-28T18:58:27.322438,wheel,19005,199.0,95.0,40,1
2023-04-28T18:58:27.790249,crank,52853,201.5,94.9,40,1
2023-04-28T18:58:27.821664,wheel,19005,199.0,95.0,40,1
2023-04-28T18:58:28.321030,wheel,19005,197.9,95.0,40,1
2023-04-28T18:58:28.789019,crank,52853,208.2,94.5,40,1
2023-04-28T18:58:29.319750,wheel,19005,198.5,95.0,40,1
2023-04-28T18:58:29.538589,crank,52853,205.4,95.4,40,1
2023-04-28T18:58:30.037934,crank,52853,196.4,95.5,40,1
2023-04-28T18:58:30.068958,wheel,19005,198.8,95.0,40,1
2023-04-28T18:58:30.318500,wheel,19005,198.8,95.0,40,1
2023-04-28T18:58:30.786558,crank,52853,197.8,95.3,40,1
2023-04-28T18:58:30.817865,wheel,19005,198.8,95.0,40,1
2023-04-28T18:58:31.036481,crank,52853,223.1,95.3,40,1
2023-04-28T18:58:31.535856,crank,52853,224.2,98.3,40,1
2023-04-28T18:58:31.816581,wheel,19005,205.5,94.0,40,1
2023-04-28T18:58:32.315959,wheel,19005,205.8,96.0,40,1
2023-04-28T18:58:32.534646,crank,52853,189.2,95.1,40,1
2023-04-28T18:58:32.815386,wheel,19005,204.9,96.0,40,1
2023-04-28T18:58:33.033975,crank,52853,193.3,94.5,40,1
2023-04-28T18:58:33.314685,wheel,19005,198.2,95.0,40,1
2023-04-28T18:58:33.782805,crank,52853,193.7,93.4,40,1
2023-04-28T18:58:34.313427,wheel,19005,192.0,95.0,40,1
2023-04-28T18:58:34.532121,crank,52853,185.6,92.8,40,1
2023-04-28T18:58:34.781530,crank,52853,192.1,91.7,40,1
2023-04-28T18:58:35.062578,wheel,19005,189.9,93.0,40,1
2023-04-28T18:58:35.312139,wheel,19005,187.8,92.0,40,1
2023-04-28T18:58:36.279664,crank,52853,203.5,92.6,40,1
2023-04-28T18:58:36.310895,wheel,19005,190.1,92.0,40,1
2023-04-28T18:58:37.028801,crank,52853,206.7,95.5,40,1
2023-04-28T18:58:37.278514,crank,52853,208.2,94.5,40,1
2023-04-28T18:58:37.559304,wheel,19005,201.0,94.0,40,1
2023-04-28T18:58:37.809234,wheel,19005,205.8,94.0,40,1
2023-04-28T18:58:38.027511,crank,52853,217.6,95.4,40,1
2023-04-28T18:58:38.308592,wheel,19005,207.8,95.0,40,1
2023-04-28T18:58:38.526914,crank,52853,210.8,96.2,40,1
2023-04-28T18:58:38.807911,wheel,19005,209.0,95.0,40,1
2023-04-28T18:58:39.276414,crank,52853,191.7,95.4,40,1
2023-04-28T18:58:40.025055,crank,52853,182.9,92.4,40,1
2023-04-28T18:58:40.056166,wheel,19005,203.4,95.0,40,1
2023-04-28T18:58:40.306063,wheel,19005,194.1,93.0,40,1
2023-04-28T18:58:40.774357,crank,52853,188.6,90.9,40,1
2023-04-28T18:58:41.304760,wheel,19005,187.8,90.0,40,1
2023-04-28T18:58:41.523226,crank,52853,189.8,91.9,40,1
2023-04-28T18:58:42.272421,crank,52853,191.0,90.3,40,1
2023-04-28T18:58:42.303366,wheel,19005,188.5,91.0,40,1
2023-04-28T18:58:42.521915,crank,52853,207.9,90.8,40,1
2023-04-28T18:58:43.271277,crank,52853,201.2,93.0,40,1
2023-04-28T18:58:43.302101,wheel,19005,189.5,92.0,40,1
2023-04-28T18:58:43.770528,crank,52853,192.5,91.9,40,1
2023-04-28T18:58:43.801494,wheel,19005,190.8,92.0,40,1
2023-04-28T18:58:44.300891,wheel,19005,192.2,92.0,40,1
2023-04-28T18:58:44.519431,crank,52853,191.9,93.0,40,1
2023-04-28T18:58:45.268677,crank,52853,177.5,90.5,40,1
2023-04-28T18:58:45.299546,wheel,19005,191.0,92.0,40,1
2023-04-28T18:58:46.017563,crank,52853,188.4,91.2,40,1
2023-04-28T18:58:46.766618,crank,52853,197.7,90.2,40,1
2023-04-28T18:58:46.797641,wheel,19005,189.1,90.0,40,1
2023-04-28T18:58:47.515752,crank,52853,207.0,91.2,40,1
2023-04-28T18:58:47.765387,crank,52853,211.3,92.2,40,1
2023-04-28T18:58:47.796408,wheel,19005,189.6,91.0,40,1
2023-04-28T18:58:48.295802,wheel,19005,192.0,91.0,40,1
2023-04-28T18:58:48.795200,wheel,19005,193.9,92.0,40,1
2023-04-28T18:58:49.294412,wheel,19005,196.1,92.0,40,1
2023-04-28T18:58:49.762896,crank,52853,201.9,94.2,40,1
2023-04-28T18:58:50.293150,wheel,19005,192.0,94.0,40,1
2023-04-28T18:58:50.761665,crank,52853,187.4,92.5,40,1
2023-04-28T18:58:50.792522,wheel,19005,188.1,93.0,40,1
2023-04-28T18:58:51.291886,wheel,19005,186.1,93.0,40,1
2023-04-28T18:58:51.510946,crank,52853,191.1,91.2,40,1
2023-04-28T18:58:51.760422,crank,52853,195.1,91.8,40,1
2023-04-28T18:58:52.259791,crank,52853,191.7,92.0,40,1
2023-04-28T18:58:52.789983,wheel,19005,187.9,92.0,40,1
2023-04-28T18:58:53.009079,crank,52853,191.6,91.9,40,1
2023-04-28T18:58:53.539100,wheel,19005,189.9,92.0,40,1
2023-04-28T18:58:53.757897,crank,52853,196.9,91.4,40,1
2023-04-28T18:58:53.788712,wheel,19005,189.9,92.0,40,1
2023-04-28T18:58:54.288099,wheel,19005,189.9,92.0,40,1
2023-04-28T18:58:54.507068,crank,52853,194.3,91.5,40,1
2023-04-28T18:58:55.256057,crank,52853,188.4,91.2,40,1
2023-04-28T18:58:55.286828,wheel,19005,189.7,91.0,40,1
2023-04-28T18:58:55.505962,crank,52853,193.2,90.5,40,1
2023-04-28T18:58:56.254829,crank,52853,187.4,89.9,40,1
2023-04-28T18:58:56.285612,wheel,19005,188.0,91.0,40,1
2023-04-28T18:58:56.784914,wheel,19005,187.2,89.0,40,1
2023-04-28T18:58:57.003908,crank,52853,191.6,90.2,40,1
2023-04-28T18:58:57.503234,crank,52853,199.0,91.2,40,1
2023-04-28T18:58:57.783712,wheel,19005,190.0,90.0,40,1
2023-04-28T18:58:58.252626,crank,52853,188.8,90.5,40,1
2023-04-28T18:58:58.283076,wheel,19005,191.9,90.0,40,1
2023-04-28T18:58:58.782460,wheel,19005,193.1,91.0,40,1
2023-04-28T18:58:59.001380,crank,52853,205.6,92.5,40,1
2023-04-28T18:58:59.281878,wheel,19005,199.1,91.0,40,1
2023-04-28T18:58:59.750888,crank,52853,213.1,93.4,40,1
2023-04-28T18:59:00.280698,wheel,19005,205.5,93.0,40,1
2023-04-28T18:59:00.749643,crank,52853,202.0,93.8,40,1
2023-04-28T18:59:00.780009,wheel,19005,210.0,94.0,40,1
2023-04-28T18:59:01.279346,wheel,19005,203.0,94.0,40,1
2023-04-28T18:59:01.498298,crank,52853,195.0,93.1,40,1
2023-04-28T18:59:01.778824,wheel,19005,199.1,92.0,40,1
2023-04-28T18:59:01.997680,crank,52853,203.9,91.8,40,1
2023-04-28T18:59:02.746953,crank,52853,220.8,94.4,40,1
2023-04-28T18:59:03.027012,wheel,19005,197.1,93.0,40,1
2023-04-28T18:59:03.276897,wheel,19005,199.0,93.0,40,1
2023-04-28T18:59:03.495779,crank,52853,203.4,94.5,40,1
2023-04-28T18:59:03.776249,wheel,19005,200.1,94.0,40,1
2023-04-28T18:59:04.245028,crank,52853,184.6,94.2,40,1
2023-04-28T18:59:04.275477,wheel,19005,197.1,94.0,40,1
2023-04-28T18:59:04.993904,crank,52853,188.4,91.7,40,1
2023-04-28T18:59:05.243837,crank,52853,208.8,93.2,40,1
2023-04-28T18:59:05.274243,wheel,19005,192.0,93.0,40,1
2023-04-28T18:59:05.773583,wheel,19005,191.0,93.0,40,1
2023-04-28T18:59:05.992658,crank,52853,214.9,95.0,40,1
2023-04-28T18:59:06.272999,wheel,19005,197.9,93.0,40,1
2023-04-28T18:59:06.492047,crank,52853,198.1,95.5,40,1
2023-04-28T18:59:07.021932,wheel,19005,198.2,93.0,40,1
2023-04-28T18:59:07.490798,crank,52853,185.4,93.2,40,1
2023-04-28T18:59:07.740723,crank,52853,199.2,93.4,40,1
2023-04-28T18:59:07.771051,wheel,19005,196.1,94.0,40,1
2023-04-28T18:59:08.270432,wheel,19005,190.9,94.0,40,1
2023-04-28T18:59:08.489610,crank,52853,205.7,93.8,40,1
2023-04-28T18:59:09.238570,crank,52853,204.4,93.7,40,1
2023-04-28T18:59:09.269222,wheel,19005,192.9,93.0,40,1
2023-04-28T18:59:09.738020,crank,52853,210.0,94.1,40,1
2023-04-28T18:59:10.267818,wheel,19005,194.5,94.0,40,1
2023-04-28T18:59:10.487401,crank,52853,206.0,94.8,40,1
2023-04-28T18:59:10.767182,wheel,19005,195.9,94.0,40,1
2023-04-28T18:59:11.236130,crank,52853,204.8,94.2,40,1
2023-04-28T18:59:11.266539,wheel,19005,196.8,94.0,40,1
2023-04-28T18:59:11.765886,wheel,19005,197.9,93.0,40,1
2023-04-28T18:59:11.985682,crank,52853,204.5,95.4,40,1
2023-04-28T18:59:12.234913,crank,52853,190.6,93.7,40,1
2023-04-28T18:59:12.764634,wheel,19005,196.5,94.0,40,1
2023-04-28T18:59:13.264045,wheel,19005,195.1,94.0,40,1
2023-04-28T18:59:13.483525,crank,52853,201.4,93.1,40,1
2023-04-28T18:59:13.733092,crank,52853,204.9,93.4,40,1
2023-04-28T18:59:14.232415,crank,52853,197.5,93.9,40,1
2023-04-28T18:59:14.262725,wheel,19005,194.5,93.0,40,1
2023-04-28T18:59:14.762109,wheel,19005,195.1,93.0,40,1
2023-04-28T18:59:14.981699,crank,52853,194.4,92.8,40,1
2023-04-28T18:59:15.730544,crank,52853,198.3,93.8,40,1
2023-04-28T18:59:15.760823,wheel,19005,194.9,93.0,40,1
2023-04-28T18:59:16.260194,wheel,19005,194.9,93.0,40,1
2023-04-28T18:59:16.479830,crank,52853,201.4,93.5,40,1
2023-04-28T18:59:16.729300,crank,52853,210.0,94.5,40,1
2023-04-28T18:59:16.759558,wheel,19005,196.1,93.0,40,1
2023-04-28T18:59:17.258924,wheel,19005,195.9,93.0,40,1
2023-04-28T18:59:18.227449,crank,52853,200.6,95.1,40,1
2023-04-28T18:59:18.257672,wheel,19005,197.6,95.0,40,1
2023-04-28T18:59:18.726841,crank,52853,197.9,95.4,40,1
2023-04-28T18:59:18.757059,wheel,19005,199.0,95.0,40,1
2023-04-28T18:59:19.506268,wheel,19005,198.1,95.0,40,1
2023-04-28T18:59:19.725926,crank,52853,190.2,94.4,40,1
2023-04-28T18:59:19.755870,wheel,19005,198.1,94.0,40,1
2023-04-28T18:59:20.225236,crank,52853,190.3,93.9,40,1
2023-04-28T18:59:20.754621,wheel,19005,196.5,94.0,40,1
2023-04-28T18:59:20.974010,crank,52853,199.8,93.7,40,1
2023-04-28T18:59:21.224269,crank,52853,198.9,93.7,40,1
2023-04-28T18:59:21.253985,wheel,19005,196.2,94.0,40,1
2023-04-28T18:59:21.753490,wheel,19005,198.1,93.0,40,1
2023-04-28T18:59:21.972824,crank,52853,207.6,94.7,40,1
2023-04-28T18:59:22.252841,wheel,19005,198.8,93.0,40,1
2023-04-28T18:59:22.722044,crank,52853,206.8,95.2,40,1
2023-04-28T18:59:23.251600,wheel,19005,200.9,95.0,40,1
2023-04-28T18:59:23.470901,crank,52853,197.8,95.8,40,1
2023-04-28T18:59:23.750840,wheel,19005,202.0,95.0,40,1
2023-04-28T18:59:24.220182,crank,52853,194.0,95.3,40,1
2023-04-28T18:59:24.250144,wheel,19005,201.1,95.0,40,1
2023-04-28T18:59:24.469722,crank,52853,199.5,94.8,40,1
2023-04-28T18:59:24.749560,wheel,19005,200.0,95.0,40,1
2023-04-28T18:59:25.218945,crank,52853,202.2,95.2,40,1
2023-04-28T18:59:25.718313,crank,52853,205.6,95.0,40,1
2023-04-28T18:59:25.748277,wheel,19005,199.0,95.0,40,1
2023-04-28T18:59:26.247721,wheel,19005,199.0,95.0,40,1
2023-04-28T18:59:26.467156,crank,52853,205.6,95.5,40,1
2023-04-28T18:59:26.746990,wheel,19005,198.8,95.0,40,1
2023-04-28T18:59:27.216436,crank,52853,195.1,95.8,40,1
2023-04-28T18:59:27.246368,wheel,19005,199.9,94.0,40,1
2023-04-28T18:59:27.465940,crank,52853,193.1,94.9,40,1
2023-04-28T18:59:28.215198,crank,52853,201.7,95.4,40,1
2023-04-28T18:59:28.245071,wheel,19005,198.8,95.0,40,1
2023-04-28T18:59:28.714454,crank,52853,197.0,95.0,40,1
2023-04-28T18:59:28.744426,wheel,19005,199.9,95.0,40,1
2023-04-28T18:59:29.243829,wheel,19005,199.0,95.0,40,1
2023-04-28T18:59:29.463510,crank,52853,193.8,95.7,40,1
2023-04-28T18:59:29.743276,wheel,19005,198.8,95.0,40,1
2023-04-28T18:59:30.212501,crank,52853,206.8,95.2,40,1
2023-04-28T18:59:30.741851,wheel,19005,199.9,95.0,40,1
2023-04-28T18:59:30.961972,crank,52853,203.3,96.6,40,1
2023-04-28T18:59:31.211273,crank,52853,202.5,95.8,40,1
2023-04-28T18:59:31.740579,wheel,19005,200.9,96.0,40,1
2023-04-28T18:59:31.960789,crank,52853,218.8,97.6,40,1
2023-04-28T18:59:32.460131,crank,52853,201.7,97.2,40,1
2023-04-28T18:59:32.489787,wheel,19005,202.9,96.0,40,1
2023-04-28T18:59:33.238667,wheel,19005,201.6,96.0,40,1
2023-04-28T18:59:33.738041,wheel,19005,200.1,96.0,40,1
2023-04-28T18:59:33.958056,crank,52853,206.6,96.4,40,1
2023-04-28T18:59:34.237381,wheel,19005,200.1,96.0,40,1
2023-04-28T18:59:34.706917,crank,52853,209.6,96.9,40,1
2023-04-28T18:59:34.736760,wheel,19005,201.1,96.0,40,1
2023-04-28T18:59:34.956839,crank,52853,204.8,95.5,40,1
2023-04-28T18:59:35.705636,crank,52853,205.2,97.1,40,1
2023-04-28T18:59:35.735500,wheel,19005,201.9,96.0,40,1
2023-04-28T18:59:36.205040,crank,52853,205.5,96.8,40,1
2023-04-28T18:59:36.234864,wheel,19005,202.0,96.0,40,1
2023-04-28T18:59:36.734261,wheel,19005,202.2,96.0,40,1
2023-04-28T18:59:36.954320,crank,52853,206.9,96.5,40,1
2023-04-28T18:59:37.233597,wheel,19005,202.2,96.0,40,1
2023-04-28T18:59:38.202533,crank,52853,191.8,94.9,40,1
2023-04-28T18:59:38.232322,wheel,19005,194.9,95.0,40,1
2023-04-28T18:59:38.701903,crank,52853,206.9,93.9,40,1
2023-04-28T18:59:39.231081,wheel,19005,190.6,95.0,40,1
2023-04-28T18:59:39.451210,crank,52853,209.3,95.5,40,1
2023-04-28T18:59:39.730485,wheel,19005,194.9,95.0,40,1
2023-04-28T18:59:40.449729,crank,52853,197.0,95.4,40,1
2023-04-28T18:59:40.949186,crank,52853,187.4,95.1,40,1
2023-04-28T18:59:41.478242,wheel,19005,197.1,95.0,40,1
2023-04-28T18:59:41.698694,crank,52853,208.1,94.1,40,1
2023-04-28T18:59:41.728434,wheel,19005,203.9,96.0,40,1
2023-04-28T18:59:41.947894,crank,52853,231.5,98.9,40,1
2023-04-28T18:59:42.227494,wheel,19005,209.8,96.0,40,1
2023-04-28T18:59:42.447282,crank,52853,202.8,97.8,40,1
2023-04-28T18:59:42.726870,wheel,19005,212.9,96.0,40,1
2023-04-28T18:59:43.446007,crank,52853,198.2,96.0,40,1
2023-04-28T18:59:43.725633,wheel,19005,212.6,96.0,40,1
2023-04-28T18:59:44.224839,wheel,19005,204.0,96.0,40,1
2023-04-28T18:59:44.694571,crank,52853,204.3,95.3,40,1
2023-04-28T18:59:44.944126,crank,52853,200.3,95.2,40,1
2023-04-28T18:59:45.223581,wheel,19005,200.5,95.0,40,1
2023-04-28T18:59:45.693431,crank,52853,210.8,96.2,40,1
2023-04-28T18:59:45.722940,wheel,19005,200.9,95.0,40,1
2023-04-28T18:59:46.941630,crank,52853,217.3,97.4,40,1
2023-04-28T18:59:46.971260,wheel,19005,202.4,96.0,40,1
2023-04-28T18:59:47.221032,wheel,19005,204.1,97.0,40,1
2023-04-28T18:59:47.720418,wheel,19005,204.1,97.0,40,1
2023-04-28T18:59:47.940388,crank,52853,197.6,97.5,40,1
2023-04-28T18:59:48.219766,wheel,19005,202.9,96.0,40,1
2023-04-28T18:59:48.439810,crank,52853,202.5,96.7,40,1
2023-04-28T18:59:48.689490,crank,52853,214.5,96.5,40,1
2023-04-28T18:59:49.218388,wheel,19005,203.0,97.0,40,1
2023-04-28T18:59:49.438837,crank,52853,212.5,97.4,40,1
2023-04-28T18:59:49.717855,wheel,19005,203.1,97.0,40,1
2023-04-28T18:59:49.938261,crank,52853,212.2,97.7,40,1
2023-04-28T18:59:50.217129,wheel,19005,204.1,97.0,40,1
2023-04-28T18:59:50.686790,crank,52853,209.9,97.9,40,1
2023-04-28T18:59:50.716513,wheel,19005,205.1,97.0,40,1
2023-04-28T18:59:51.435954,crank,52853,210.9,97.5,40,1
2023-04-28T18:59:51.715224,wheel,19005,206.1,98.0,40,1
2023-04-28T18:59:52.184709,crank,52853,194.3,96.4,40,1
2023-04-28T18:59:52.434604,crank,52853,102.5,90.8,40,1
2023-04-28T18:59:52.464449,wheel,19005,207.2,96.0,40,1
2023-04-28T18:59:52.713959,wheel,19005,181.1,96.0,40,1
2023-04-28T19:02:39.752079,wheel,19005,209.3,89.0,54,9
2023-04-28T19:02:40.472181,crank,52853,199.9,90.3,54,9
2023-04-28T19:02:40.501050,wheel,19005,172.7,89.0,54,9
2023-04-28T19:02:41.220896,crank,52853,203.1,87.9,54,9
2023-04-28T19:02:41.249953,wheel,19005,204.8,89.0,54,9
2023-04-28T19:02:41.749307,wheel,19005,168.6,89.0,54,9
2023-04-28T19:02:41.970164,crank,52853,201.1,89.3,54,9
2023-04-28T19:02:42.248656,wheel,19005,148.4,89.0,54,9
2023-04-28T19:02:42.719002,crank,52853,183.9,89.5,54,9
2023-04-28T19:02:42.748014,wheel,19005,178.4,89.0,54,9
2023-04-28T19:02:43.717766,crank,52853,195.2,88.7,54,9
2023-04-28T19:02:43.746750,wheel,19005,175.2,89.0,54,9
2023-04-28T19:02:44.246201,wheel,19005,168.1,89.0,54,9
2023-04-28T19:02:44.466832,crank,52853,177.4,89.0,54,9
2023-04-28T19:02:44.745582,wheel,19005,163.8,89.0,54,9
2023-04-28T19:02:45.216439,crank,52853,172.7,88.5,54,9
2023-04-28T19:02:45.245029,wheel,19005,173.4,89.0,54,9
2023-04-28T19:02:45.964969,crank,52853,184.2,88.3,54,9
2023-04-28T19:02:46.243760,wheel,19005,175.8,87.0,54,9
2023-04-28T19:02:46.714207,crank,52853,184.3,88.8,54,9
2023-04-28T19:02:46.743153,wheel,19005,164.6,87.0,54,9
2023-04-28T19:02:47.242429,wheel,19005,177.4,88.0,54,9
2023-04-28T19:02:47.463100,crank,52853,184.6,88.1,54,9
2023-04-28T19:02:47.741793,wheel,19005,180.4,88.0,54,9
2023-04-28T19:02:48.212369,crank,52853,195.4,88.0,54,9
2023-04-28T19:02:48.740496,wheel,19005,180.6,88.0,54,9
2023-04-28T19:02:48.961301,crank,52853,201.6,88.4,54,9
2023-04-28T19:02:49.239964,wheel,19005,186.8,88.0,54,9
2023-04-28T19:02:49.710275,crank,52853,199.2,88.5,54,9
2023-04-28T19:02:49.739230,wheel,19005,184.5,88.0,54,9
2023-04-28T19:02:49.960461,crank,52853,202.8,88.1,54,9
2023-04-28T19:02:50.238492,wheel,19005,180.4,88.0,54,9
2023-04-28T19:02:50.709036,crank,52853,189.3,88.7,54,9
2023-04-28T19:02:51.237259,wheel,19005,162.4,88.0,54,9
2023-04-28T19:02:51.458577,crank,52853,179.3,87.6,54,9
2023-04-28T19:02:51.736611,wheel,19005,173.9,88.0,54,9
2023-04-28T19:02:51.957743,crank,52853,189.3,88.3,54,9
2023-04-28T19:02:52.235945,wheel,19005,192.8,88.0,54,9
2023-04-28T19:02:52.706575,crank,52853,191.2,88.8,54,9
2023-04-28T19:02:52.985102,wheel,19005,197.3,88.0,54,9
2023-04-28T19:02:53.455859,crank,52853,199.8,88.0,54,9
2023-04-28T19:02:54.233422,wheel,19005,192.7,88.0,54,9
2023-04-28T19:02:54.454389,crank,52853,206.4,89.0,54,9
2023-04-28T19:02:54.953764,crank,52853,220.2,88.5,54,9
2023-04-28T19:02:54.982466,wheel,19005,210.3,88.0,54,9
2023-04-28T19:02:55.232265,wheel,19005,212.1,88.0,54,9
2023-04-28T19:02:55.703315,crank,52853,225.7,88.1,54,9
2023-04-28T19:02:55.731780,wheel,19005,209.2,88.0,54,9
2023-04-28T19:02:56.451908,crank,52853,211.8,89.0,54,9
2023-04-28T19:02:56.701773,crank,52853,196.2,89.1,54,9
2023-04-28T19:02:57.229674,wheel,19005,178.2,89.0,54,9
2023-04-28T19:02:57.450651,crank,52853,192.3,88.9,54,9
2023-04-28T19:02:57.729047,wheel,19005,173.0,89.0,54,9
2023-04-28T19:02:58.199988,crank,52853,194.7,88.8,54,9
2023-04-28T19:02:58.228404,wheel,19005,188.4,89.0,54,9
2023-04-28T19:02:58.699320,crank,52853,192.1,88.4,54,9
2023-04-28T19:02:58.727778,wheel,19005,176.6,88.0,54,9
2023-04-28T19:02:59.726622,wheel,19005,191.3,89.0,54,9
2023-04-28T19:02:59.947594,crank,52853,203.1,88.7,54,9
2023-04-28T19:03:00.225925,wheel,19005,203.1,89.0,54,9
2023-04-28T19:03:00.447383,crank,52853,215.3,89.0,54,9
2023-04-28T19:03:00.696680,crank,52853,211.2,88.8,54,9
2023-04-28T19:03:00.725166,wheel,19005,200.5,89.0,54,9
2023-04-28T19:03:01.224542,wheel,19005,187.8,89.0,54,9
2023-04-28T19:03:01.445904,crank,52853,204.8,89.0,54,9
2023-04-28T19:03:02.194744,crank,52853,199.6,89.0,54,9
2023-04-28T19:03:02.223228,wheel,19005,176.1,88.0,54,9
2023-04-28T19:03:02.722608,wheel,19005,179.7,89.0,54,9
2023-04-28T19:03:02.944023,crank,52853,207.6,88.7,54,9
2023-04-28T19:03:03.221977,wheel,19005,187.7,89.0,54,9
2023-04-28T19:03:03.443398,crank,52853,209.3,88.7,54,9
2023-04-28T19:03:03.721337,wheel,19005,182.5,89.0,54,9
2023-04-28T19:03:04.192242,crank,52853,204.4,89.2,54,9
2023-04-28T19:03:04.941564,crank,52853,201.9,88.9,54,9
2023-04-28T19:03:04.969839,wheel,19005,182.7,89.0,54,9
2023-04-28T19:03:05.219506,wheel,19005,190.8,89.0,54,9
2023-04-28T19:03:05.718889,wheel,19005,187.8,89.0,54,9
2023-04-28T19:03:05.940073,crank,52853,201.5,89.1,54,9
2023-04-28T19:03:06.218391,wheel,19005,168.4,89.0,54,9
2023-04-28T19:03:06.439517,crank,52853,199.3,89.3,54,9
2023-04-28T19:03:07.188733,crank,52853,193.9,88.8,54,9
2023-04-28T19:03:07.216945,wheel,19005,182.0,88.0,54,9
2023-04-28T19:03:07.716344,wheel,19005,179.2,89.0,54,9
2023-04-28T19:03:08.215712,wheel,19005,173.2,89.0,54,9
2023-04-28T19:03:08.686874,crank,52853,207.6,89.1,54,9
2023-04-28T19:03:08.715066,wheel,19005,178.2,89.0,54,9
2023-04-28T19:03:08.936419,crank,52853,201.2,89.0,54,9
2023-04-28T19:03:09.685577,crank,52853,205.4,89.3,54,9
2023-04-28T19:03:09.963414,wheel,19005,181.7,89.0,54,9
2023-04-28T19:03:10.184829,crank,52853,208.3,89.0,54,9
2023-04-28T19:03:10.213089,wheel,19005,187.8,89.0,54,9
2023-04-28T19:03:10.712457,wheel,19005,180.2,89.0,54,9
2023-04-28T19:03:10.934296,crank,52853,205.4,89.3,54,9
2023-04-28T19:03:11.211818,wheel,19005,178.9,89.0,54,9
2023-04-28T19:03:11.682907,crank,52853,199.6,89.4,54,9
2023-04-28T19:03:12.460357,wheel,19005,184.6,88.0,54,9
2023-04-28T19:03:12.681677,crank,52853,200.6,89.1,54,9
2023-04-28T19:03:12.709880,wheel,19005,183.6,89.0,54,9
2023-04-28T19:03:13.181033,crank,52853,203.7,88.9,54,9
2023-04-28T19:03:13.209234,wheel,19005,176.7,89.0,54,9
2023-04-28T19:03:13.708614,wheel,19005,186.8,89.0,54,9
2023-04-28T19:03:13.930314,crank,52853,205.0,89.1,54,9
2023-04-28T19:03:14.179797,crank,52853,207.4,88.7,54,9
2023-04-28T19:03:14.928867,crank,52853,205.4,88.9,54,9
2023-04-28T19:03:15.206948,wheel,19005,185.1,89.0,54,9
2023-04-28T19:03:15.678285,crank,52853,178.0,89.9,54,9
2023-04-28T19:03:15.706366,wheel,19005,137.4,89.0,54,9
2023-04-28T19:03:16.205698,wheel,19005,154.7,89.0,54,9
2023-04-28T19:03:16.426958,crank,52853,165.7,85.8,54,9
2023-04-28T19:03:17.204260,wheel,19005,159.5,87.0,54,9
2023-04-28T19:03:17.425676,crank,52853,179.0,90.0,54,9
2023-04-28T19:03:17.703638,wheel,19005,193.9,87.0,54,9
2023-04-28T19:03:18.174973,crank,52853,177.3,88.0,54,9
2023-04-28T19:03:18.202972,wheel,19005,195.4,87.0,54,9
2023-04-28T19:03:18.674354,crank,52853,201.5,88.3,54,9
2023-04-28T19:03:18.702343,wheel,19005,191.5,87.0,54,9
2023-04-28T19:03:18.923793,crank,52853,198.6,88.6,54,9
2023-04-28T19:03:19.672886,crank,52853,197.6,88.1,54,9
2023-04-28T19:03:19.701018,wheel,19005,177.3,87.0,54,9
2023-04-28T19:03:20.200369,wheel,19005,189.2,87.0,54,9
2023-04-28T19:03:20.422380,crank,52853,205.1,88.4,54,9
2023-04-28T19:03:20.699748,wheel,19005,183.0,87.0,54,9
2023-04-28T19:03:21.171039,crank,52853,203.9,88.3,54,9
2023-04-28T19:03:21.199085,wheel,19005,197.5,87.0,54,9
2023-04-28T19:03:22.197815,wheel,19005,183.4,87.0,54,9
2023-04-28T19:03:22.419688,crank,52853,197.9,88.3,54,9
2023-04-28T19:03:22.697167,wheel,19005,160.6,87.0,54,9
2023-04-28T19:03:23.168508,crank,52853,184.1,88.7,54,9
2023-04-28T19:03:23.196547,wheel,19005,161.7,87.0,54,9
2023-04-28T19:03:23.695919,wheel,19005,165.3,87.0,54,9
2023-04-28T19:03:23.917825,crank,52853,180.7,88.8,54,9
2023-04-28T19:03:24.667053,crank,52853,206.3,87.5,54,9
2023-04-28T19:03:24.694889,wheel,19005,206.0,87.0,54,9
2023-04-28T19:03:25.194187,wheel,19005,197.3,87.0,54,9
2023-04-28T19:03:25.415747,crank,52853,225.9,88.1,54,9
2023-04-28T19:03:25.693570,wheel,19005,189.6,87.0,54,9
2023-04-28T19:03:26.165080,crank,52853,219.1,88.8,54,9
2023-04-28T19:03:26.192915,wheel,19005,210.3,87.0,54,9
2023-04-28T19:03:26.414469,crank,52853,216.6,88.8,54,9
2023-04-28T19:03:27.163765,crank,52853,221.2,88.6,54,9
2023-04-28T19:03:27.441126,wheel,19005,201.5,88.0,54,9
2023-04-28T19:03:27.912603,crank,52853,207.4,88.7,54,9
2023-04-28T19:03:28.439875,wheel,19005,188.5,88.0,54,9
2023-04-28T19:03:28.661703,crank,52853,187.8,89.2,54,9
2023-04-28T19:03:28.689651,wheel,19005,171.4,87.0,54,9
2023-04-28T19:03:29.161037,crank,52853,189.4,88.0,54,9
2023-04-28T19:03:29.438778,wheel,19005,168.2,87.0,54,9
2023-04-28T19:03:30.159829,crank,52853,190.2,88.3,54,9
2023-04-28T19:03:30.187693,wheel,19005,170.1,87.0,54,9
2023-04-28T19:03:30.936965,wheel,19005,188.7,87.0,54,9
2023-04-28T19:03:31.158570,crank,52853,194.6,88.6,54,9
2023-04-28T19:03:31.436137,wheel,19005,186.2,87.0,54,9
2023-04-28T19:03:31.685746,wheel,19005,202.8,87.0,54,9
2023-04-28T19:03:31.907904,crank,52853,212.7,87.6,54,9
2023-04-28T19:03:32.656709,crank,52853,209.6,88.8,54,9
2023-04-28T19:03:32.684453,wheel,19005,199.3,87.0,54,9
2023-04-28T19:03:33.405812,crank,52853,198.0,89.1,54,9
2023-04-28T19:03:33.683205,wheel,19005,186.9,87.0,54,9
2023-04-28T19:03:33.905149,crank,52853,197.0,89.0,54,9
2023-04-28T19:03:34.654621,crank,52853,196.4,88.4,54,9
2023-04-28T19:03:35.181525,wheel,19005,181.0,88.0,54,9
2023-04-28T19:03:35.403270,crank,52853,200.9,88.8,54,9
2023-04-28T19:03:36.180259,wheel,19005,174.8,88.0,54,9
2023-04-28T19:03:36.402037,crank,52853,195.8,89.3,54,9
2023-04-28T19:03:36.901392,crank,52853,189.3,89.6,54,9
2023-04-28T19:03:37.650711,crank,52853,197.2,88.3,54,9
2023-04-28T19:03:37.678180,wheel,19005,187.9,88.0,54,9
2023-04-28T19:03:37.900194,crank,52853,206.6,88.7,54,9
2023-04-28T19:03:38.427175,wheel,19005,198.1,88.0,54,9
2023-04-28T19:03:38.649240,crank,52853,211.4,88.8,54,9
2023-04-28T19:03:39.176222,wheel,19005,194.1,87.0,54,9
2023-04-28T19:03:39.398795,crank,52853,207.7,89.5,54,9
2023-04-28T19:03:39.675586,wheel,19005,190.4,88.0,54,9
2023-04-28T19:03:40.646743,crank,52853,216.2,88.8,54,9
2023-04-28T19:03:40.674340,wheel,19005,204.7,88.0,54,9
2023-04-28T19:03:41.173653,wheel,19005,191.4,88.0,54,9
2023-04-28T19:03:41.396060,crank,52853,208.5,89.5,54,9
2023-04-28T19:03:41.673022,wheel,19005,196.3,88.0,54,9
2023-04-28T19:03:42.144870,crank,52853,205.2,89.6,54,9
2023-04-28T19:03:42.172378,wheel,19005,190.8,88.0,54,9
2023-04-28T19:03:43.143590,crank,52853,201.3,89.0,54,9
2023-04-28T19:03:43.643040,crank,52853,199.7,89.1,54,9
2023-04-28T19:03:44.392065,crank,52853,194.3,89.0,54,9
2023-04-28T19:03:44.642273,crank,52853,196.7,89.3,54,9
2023-04-28T19:03:44.669379,wheel,19005,181.7,87.0,54,9
2023-04-28T19:03:45.640969,crank,52853,201.3,88.7,54,9
2023-04-28T19:03:45.668066,wheel,19005,190.3,88.0,54,9
2023-04-28T19:03:46.140085,crank,52853,205.0,89.5,54,9
2023-04-28T19:03:46.416980,wheel,19005,194.1,88.0,54,9
2023-04-28T19:03:46.888950,crank,52853,208.5,89.1,54,9
2023-04-28T19:03:47.166113,wheel,19005,197.2,88.0,54,9
2023-04-28T19:03:47.638230,crank,52853,214.7,89.9,54,9
2023-04-28T19:03:48.387122,crank,52853,209.1,89.4,54,9
2023-04-28T19:03:48.664319,wheel,19005,197.3,88.0,54,9
2023-04-28T19:03:49.136165,crank,52853,215.5,90.2,54,9
2023-04-28T19:03:49.386402,crank,52853,208.7,89.6,54,9
2023-04-28T19:03:49.662854,wheel,19005,203.5,88.0,54,9
2023-04-28T19:03:50.134912,crank,52853,199.0,89.6,54,9
2023-04-28T19:03:50.162190,wheel,19005,188.9,89.0,54,9
2023-04-28T19:03:50.884185,crank,52853,197.1,89.5,54,9
2023-04-28T19:03:51.160994,wheel,19005,178.6,89.0,54,9
2023-04-28T19:03:51.383639,crank,52853,187.0,90.5,54,9
2023-04-28T19:03:51.660313,wheel,19005,171.2,89.0,54,9
2023-04-28T19:03:52.132434,crank,52853,180.8,88.8,54,9
2023-04-28T19:03:52.159677,wheel,19005,175.8,88.0,54,9
2023-04-28T19:03:52.659054,wheel,19005,174.3,88.0,54,9
2023-04-28T19:03:52.881502,crank,52853,189.1,89.4,54,9
2023-04-28T19:03:53.657909,wheel,19005,184.9,88.0,54,9
2023-04-28T19:03:53.880245,crank,52853,193.0,89.2,54,9
2023-04-28T19:03:54.157346,wheel,19005,177.2,87.0,54,9
2023-04-28T19:03:54.629503,crank,52853,198.0,89.9,54,9
2023-04-28T19:03:54.656701,wheel,19005,174.8,87.0,54,9
2023-04-28T19:03:55.128927,crank,52853,205.4,89.3,54,9
2023-04-28T19:03:55.155936,wheel,19005,202.6,88.0,54,9
2023-04-28T19:03:55.877754,crank,52853,209.4,89.5,54,9
2023-04-28T19:03:56.127677,crank,52853,213.3,89.3,54,9
2023-04-28T19:03:56.154680,wheel,19005,208.3,88.0,54,9
2023-04-28T19:03:56.654037,wheel,19005,194.0,88.0,54,9
2023-04-28T19:03:56.876536,crank,52853,218.0,90.2,54,9
2023-04-28T19:03:57.153402,wheel,19005,200.3,89.0,54,9
2023-04-28T19:03:57.376044,crank,52853,211.9,89.4,54,9
2023-04-28T19:03:57.652777,wheel,19005,202.0,89.0,54,9
2023-04-28T19:03:58.375109,crank,52853,207.2,89.7,54,9
2023-04-28T19:03:58.651408,wheel,19005,178.7,89.0,54,9
2023-04-28T19:03:58.874574,crank,52853,193.9,89.6,54,9
2023-04-28T19:03:59.150754,wheel,19005,163.9,88.0,54,9
2023-04-28T19:03:59.623107,crank,52853,184.2,90.1,54,9
2023-04-28T19:03:59.650128,wheel,19005,179.4,88.0,54,9
2023-04-28T19:04:00.149494,wheel,19005,182.1,88.0,54,9
2023-04-28T19:04:00.372326,crank,52853,188.8,88.9,54,9
2023-04-28T19:04:01.148221,wheel,19005,179.1,88.0,54,9
2023-04-28T19:04:01.620613,crank,52853,201.1,89.5,54,9
2023-04-28T19:04:01.647658,wheel,19005,198.8,88.0,54,9
2023-04-28T19:04:02.146943,wheel,19005,210.7,88.0,54,9
2023-04-28T19:04:02.369755,crank,52853,216.4,89.1,54,9
2023-04-28T19:04:02.869062,crank,52853,225.3,89.3,54,9
2023-04-28T19:04:03.145771,wheel,19005,213.0,88.0,54,9
2023-04-28T19:04:03.618580,crank,52853,214.2,89.3,54,9
2023-04-28T19:04:04.144654,wheel,19005,167.8,87.0,54,9
2023-04-28T19:04:04.617084,crank,52853,194.4,89.9,54,9
2023-04-28T19:04:05.116471,crank,52853,188.9,89.4,54,9
2023-04-28T19:04:05.392814,wheel,19005,166.5,88.0,54,9
2023-04-28T19:04:05.865301,crank,52853,199.7,89.1,54,9
2023-04-28T19:04:05.892180,wheel,19005,191.8,88.0,54,9
2023-04-28T19:04:06.115228,crank,52853,203.2,89.5,54,9
2023-04-28T19:04:06.141929,wheel,19005,187.8,88.0,54,9
2023-04-28T19:04:06.864067,crank,52853,198.9,89.5,54,9
2023-04-28T19:04:07.140753,wheel,19005,177.3,88.0,54,9
2023-04-28T19:04:07.613139,crank,52853,195.4,89.1,54,9
2023-04-28T19:04:07.639948,wheel,19005,180.2,88.0,54,9
2023-04-28T19:04:08.362675,crank,52853,193.2,89.3,54,9
2023-04-28T19:04:08.389382,wheel,19005,174.4,88.0,54,9
2023-04-28T19:04:08.638695,wheel,19005,178.6,88.0,54,9
2023-04-28T19:04:08.861848,crank,52853,195.7,89.2,54,9
2023-04-28T19:04:09.610654,crank,52853,203.7,88.5,54,9
2023-04-28T19:04:09.887194,wheel,19005,191.5,87.0,54,9
2023-04-28T19:04:10.136776,wheel,19005,195.8,88.0,54,9
2023-04-28T19:04:10.636151,wheel,19005,198.4,88.0,54,9
2023-04-28T19:04:11.108774,crank,52853,215.1,89.3,54,9
2023-04-28T19:04:11.135497,wheel,19005,197.6,88.0,54,9
2023-04-28T19:04:12.107618,crank,52853,220.3,89.3,54,9
2023-04-28T19:04:12.134262,wheel,19005,192.4,88.0,54,9
2023-04-28T19:04:12.633811,wheel,19005,183.4,88.0,54,9
2023-04-28T19:04:12.856601,crank,52853,203.0,89.2,54,9
2023-04-28T19:04:13.133204,wheel,19005,175.7,88.0,54,9
2023-04-28T19:04:13.606059,crank,52853,190.0,87.5,54,9
2023-04-28T19:04:13.632444,wheel,19005,179.1,88.0,54,9
2023-04-28T19:04:14.354798,crank,52853,187.5,91.2,54,9
2023-04-28T19:04:14.631160,wheel,19005,172.7,87.0,54,9
2023-04-28T19:04:14.854127,crank,52853,178.5,88.8,54,9
2023-04-28T19:04:15.130506,wheel,19005,188.4,88.0,54,9
2023-04-28T19:04:15.603466,crank,52853,184.9,89.6,54,9
2023-04-28T19:04:15.629836,wheel,19005,165.4,88.0,54,9
2023-04-28T19:04:16.129288,wheel,19005,176.9,88.0,54,9
2023-04-28T19:04:16.851785,crank,52853,192.7,88.9,54,9
2023-04-28T19:04:17.127853,wheel,19005,193.0,88.0,54,9
2023-04-28T19:04:17.877186,wheel,19005,182.9,88.0,54,9
2023-04-28T19:04:18.100085,crank,52853,205.8,88.7,54,9
2023-04-28T19:04:18.126597,wheel,19005,177.6,88.0,54,9
2023-04-28T19:04:18.349989,crank,52853,196.7,89.3,54,9
2023-04-28T19:04:18.875742,wheel,19005,174.3,88.0,54,9
2023-04-28T19:04:19.098850,crank,52853,193.9,89.2,54,9
2023-04-28T19:04:19.598214,crank,52853,207.4,88.3,54,9
2023-04-28T19:04:19.624695,wheel,19005,186.7,87.0,54,9
2023-04-28T19:04:20.124067,wheel,19005,192.9,88.0,54,9
2023-04-28T19:04:20.347532,crank,52853,212.2,89.6,54,9
2023-04-28T19:04:20.623407,wheel,19005,176.9,88.0,54,9
2023-04-28T19:04:21.346050,crank,52853,181.9,88.5,54,9
2023-04-28T19:04:21.372506,wheel,19005,131.0,88.0,54,9
2023-04-28T19:04:21.845421,crank,52853,168.7,89.6,54,9
2023-04-28T19:04:22.121696,wheel,19005,164.6,88.0,54,9
2023-04-28T19:04:22.594884,crank,52853,177.6,88.1,54,9
2023-04-28T19:04:22.621027,wheel,19005,171.5,88.0,54,9
2023-04-28T19:04:23.120479,wheel,19005,172.3,89.0,54,9
2023-04-28T19:04:23.343577,crank,52853,179.4,88.1,54,9
2023-04-28T19:04:23.619843,wheel,19005,175.7,89.0,54,9
2023-04-28T19:04:24.092727,crank,52853,186.9,89.2,54,9
2023-04-28T19:04:24.342294,crank,52853,208.9,87.5,54,9
2023-04-28T19:04:24.618453,wheel,19005,207.9,90.0,54,9
2023-04-28T19:04:25.091572,crank,52853,213.3,88.9,54,9
2023-04-28T19:04:25.117754,wheel,19005,195.1,90.0,54,9
2023-04-28T19:04:25.617171,wheel,19005,198.4,90.0,54,9
2023-04-28T19:04:26.116420,wheel,19005,188.6,90.0,54,9
2023-04-28T19:04:26.340337,crank,52853,201.2,89.2,54,9
2023-04-28T19:04:27.115173,wheel,19005,210.3,90.0,54,9
2023-04-28T19:04:27.338822,crank,52853,218.0,88.3,54,9
2023-04-28T19:04:27.614517,wheel,19005,203.9,90.0,54,9
2023-04-28T19:04:27.838130,crank,52853,219.5,89.3,54,9
2023-04-28T19:04:28.113898,wheel,19005,199.4,90.0,54,9
2023-04-28T19:04:28.586998,crank,52853,202.1,89.0,54,9
2023-04-28T19:04:28.613235,wheel,19005,183.1,90.0,54,9
2023-04-28T19:04:29.336132,crank,52853,197.2,89.6,54,9
2023-04-28T19:04:29.611997,wheel,19005,191.3,89.0,54,9
2023-04-28T19:04:30.085301,crank,52853,204.4,88.5,54,9
2023-04-28T19:04:30.111415,wheel,19005,199.3,89.0,54,9
2023-04-28T19:04:30.610886,wheel,19005,209.9,90.0,54,9
2023-04-28T19:04:31.084369,crank,52853,221.1,88.9,54,9
2023-04-28T19:04:31.110215,wheel,19005,195.9,90.0,54,9
2023-04-28T19:04:32.082949,crank,52853,212.3,89.6,54,9
2023-04-28T19:04:32.108978,wheel,19005,184.6,90.0,54,9
2023-04-28T19:04:32.582231,crank,52853,197.7,89.0,54,9
2023-04-28T19:04:32.608230,wheel,19005,162.8,90.0,54,9
2023-04-28T19:04:33.107628,wheel,19005,168.8,90.0,54,9
2023-04-28T19:04:33.580946,crank,52853,193.0,90.0,54,9
2023-04-28T19:04:33.606956,wheel,19005,181.9,90.0,54,9
2023-04-28T19:04:34.080405,crank,52853,187.1,88.9,54,9
2023-04-28T19:04:34.605762,wheel,19005,186.3,89.0,54,9
2023-04-28T19:04:34.829475,crank,52853,197.6,89.3,54,9
2023-04-28T19:04:35.078922,crank,52853,199.9,88.8,54,9
2023-04-28T19:04:35.104972,wheel,19005,186.6,89.0,54,9
2023-04-28T19:04:35.828431,crank,52853,200.0,89.6,54,9
2023-04-28T19:04:36.103714,wheel,19005,175.1,90.0,54,9
2023-04-28T19:04:36.577054,crank,52853,200.2,89.3,54,9
2023-04-28T19:04:36.603050,wheel,19005,180.4,90.0,54,9
2023-04-28T19:04:37.076441,crank,52853,211.7,89.0,54,9
2023-04-28T19:04:37.601801,wheel,19005,197.3,90.0,54,9
2023-04-28T19:04:38.075184,crank,52853,213.2,89.6,54,9
2023-04-28T19:04:38.101172,wheel,19005,176.4,90.0,54,9
2023-04-28T19:04:38.574553,crank,52853,201.1,89.3,54,9
2023-04-28T19:04:38.600518,wheel,19005,164.9,90.0,54,9
2023-04-28T19:04:39.099914,wheel,19005,172.8,90.0,54,9
2023-04-28T19:04:39.323634,crank,52853,187.4,89.5,54,9
2023-04-28T19:04:40.073135,crank,52853,187.5,89.1,54,9
2023-04-28T19:04:40.098809,wheel,19005,176.5,89.0,54,9
2023-04-28T19:04:40.598212,wheel,19005,161.4,90.0,54,9
2023-04-28T19:04:40.821763,crank,52853,185.8,90.4,54,9
2023-04-28T19:04:41.347046,wheel,19005,181.2,90.0,54,9
2023-04-28T19:04:41.596827,wheel,19005,203.5,90.0,54,9
2023-04-28T19:04:41.820511,crank,52853,192.2,88.8,54,9
2023-04-28T19:04:42.569802,crank,52853,207.2,89.3,54,9
2023-04-28T19:04:42.595524,wheel,19005,192.0,90.0,54,9
2023-04-28T19:04:43.094908,wheel,19005,200.7,90.0,54,9
2023-04-28T19:04:43.318741,crank,52853,209.3,89.8,54,9
2023-04-28T19:04:43.594322,wheel,19005,191.9,90.0,54,9
2023-04-28T19:04:43.818435,crank,52853,207.7,88.8,54,9
2023-04-28T19:04:44.343559,wheel,19005,189.8,90.0,54,9
2023-04-28T19:04:44.567117,crank,52853,202.4,89.1,54,9
2023-04-28T19:07:14.402468,wheel,19005,232.2,91.0,54,11
2023-04-28T19:07:14.626549,crank,52853,239.8,90.8,54,11
2023-04-28T19:07:15.151130,wheel,19005,200.4,92.0,54,11
2023-04-28T19:07:15.375742,crank,52853,233.6,91.2,54,11
2023-04-28T19:07:15.400901,wheel,19005,194.1,92.0,54,11
2023-04-28T19:07:16.124669,crank,52853,209.7,92.3,54,11
2023-04-28T19:07:16.374457,crank,52853,205.8,91.4,54,11
2023-04-28T19:07:16.899104,wheel,19005,185.7,93.0,54,11
2023-04-28T19:07:17.123510,crank,52853,211.3,91.8,54,11
2023-04-28T19:07:17.398280,wheel,19005,181.5,93.0,54,11
2023-04-28T19:07:17.872495,crank,52853,195.1,91.8,54,11
2023-04-28T19:07:18.371847,crank,52853,180.7,91.7,54,11
2023-04-28T19:07:18.396970,wheel,19005,159.9,93.0,54,11
2023-04-28T19:07:18.896358,wheel,19005,159.9,92.0,54,11
2023-04-28T19:07:19.121169,crank,52853,178.1,91.8,54,11
2023-04-28T19:07:19.870268,crank,52853,181.5,91.2,54,11
2023-04-28T19:07:19.895164,wheel,19005,163.8,93.0,54,11
2023-04-28T19:07:20.394955,wheel,19005,168.8,93.0,54,11
2023-04-28T19:07:20.619074,crank,52853,187.1,91.5,54,11
2023-04-28T19:07:20.894011,wheel,19005,164.7,93.0,54,11
2023-04-28T19:07:21.368436,crank,52853,185.6,91.6,54,11
2023-04-28T19:07:21.393278,wheel,19005,159.6,93.0,54,11
2023-04-28T19:07:21.617810,crank,52853,192.5,91.9,54,11
2023-04-28T19:07:22.366902,crank,52853,205.8,91.0,54,11
2023-04-28T19:07:22.391978,wheel,19005,193.8,93.0,54,11
2023-04-28T19:07:22.891267,wheel,19005,192.2,91.0,54,11
2023-04-28T19:07:23.116426,crank,52853,204.6,91.3,54,11
2023-04-28T19:07:23.390607,wheel,19005,167.7,91.0,54,11
2023-04-28T19:07:23.864999,crank,52853,189.0,92.0,54,11
2023-04-28T19:07:23.890000,wheel,19005,156.1,91.0,54,11
2023-04-28T19:07:24.614189,crank,52853,179.2,91.4,54,11
2023-04-28T19:07:24.888727,wheel,19005,169.6,91.0,54,11
2023-04-28T19:07:25.363301,crank,52853,174.6,92.3,54,11
2023-04-28T19:07:25.388134,wheel,19005,164.3,91.0,54,11
2023-04-28T19:07:25.887788,wheel,19005,161.6,91.0,54,11
2023-04-28T19:07:26.112246,crank,52853,173.4,91.2,54,11
2023-04-28T19:07:26.362087,crank,52853,184.5,91.8,54,11
2023-04-28T19:07:26.387008,wheel,19005,176.6,91.0,54,11
2023-04-28T19:07:26.861487,crank,52853,185.7,91.2,54,11
2023-04-28T19:07:27.385631,wheel,19005,162.2,91.0,54,11
2023-04-28T19:07:27.610468,crank,52853,192.4,92.3,54,11
2023-04-28T19:07:27.885095,wheel,19005,194.2,91.0,54,11
2023-04-28T19:07:28.359445,crank,52853,213.8,91.4,54,11
2023-04-28T19:07:28.634269,wheel,19005,197.3,91.0,54,11
2023-04-28T19:07:28.883643,wheel,19005,214.5,90.0,54,11
2023-04-28T19:07:29.358195,crank,52853,229.1,91.0,54,11
2023-04-28T19:07:29.857562,crank,52853,221.9,92.5,54,11
2023-04-28T19:07:29.882370,wheel,19005,194.4,91.0,54,11
2023-04-28T19:07:30.107479,crank,52853,217.4,92.5,54,11
2023-04-28T19:07:30.381737,wheel,19005,199.9,91.0,54,11
2023-04-28T19:07:30.856441,crank,52853,213.3,92.7,54,11
2023-04-28T19:07:30.881141,wheel,19005,182.3,91.0,54,11
2023-04-28T19:07:31.380864,wheel,19005,184.8,91.0,54,11
2023-04-28T19:07:31.605388,crank,52853,200.6,91.9,54,11
2023-04-28T19:07:32.104761,crank,52853,197.9,92.7,54,11
2023-04-28T19:07:32.379262,wheel,19005,162.8,91.0,54,11
2023-04-28T19:07:32.854011,crank,52853,185.6,91.6,54,11
2023-04-28T19:07:32.878632,wheel,19005,161.8,91.0,54,11
2023-04-28T19:07:33.377998,wheel,19005,165.2,91.0,54,11
2023-04-28T19:07:33.603266,crank,52853,184.5,91.8,54,11
2023-04-28T19:07:34.351964,crank,52853,189.9,92.4,54,11
2023-04-28T19:07:34.875986,wheel,19005,167.2,91.0,54,11
2023-04-28T19:07:35.101271,crank,52853,195.5,92.0,54,11
2023-04-28T19:07:35.350742,crank,52853,197.7,92.2,54,11
2023-04-28T19:07:35.375333,wheel,19005,170.7,91.0,54,11
2023-04-28T19:07:35.874703,wheel,19005,189.9,91.0,54,11
2023-04-28T19:07:36.099778,crank,52853,204.2,91.5,54,11
2023-04-28T19:07:36.374264,wheel,19005,184.2,91.0,54,11
2023-04-28T19:07:36.849242,crank,52853,216.8,92.2,54,11
2023-04-28T19:07:37.373078,wheel,19005,189.5,92.0,54,11
2023-04-28T19:07:37.872289,wheel,19005,182.5,92.0,54,11
2023-04-28T19:07:38.347205,crank,52853,208.7,92.5,54,11
2023-04-28T19:07:38.371667,wheel,19005,197.2,92.0,54,11
2023-04-28T19:07:38.596673,crank,52853,206.6,92.2,54,11
2023-04-28T19:07:38.871032,wheel,19005,186.8,91.0,54,11
2023-04-28T19:07:39.345706,crank,52853,195.5,92.5,54,11
2023-04-28T19:07:39.869626,wheel,19005,167.2,92.0,54,11
2023-04-28T19:07:40.095198,crank,52853,186.1,92.6,54,11
2023-04-28T19:07:40.368993,wheel,19005,185.5,92.0,54,11
2023-04-28T19:07:40.843854,crank,52853,186.1,91.4,54,11
2023-04-28T19:07:40.868346,wheel,19005,174.5,91.0,54,11
2023-04-28T19:07:41.343244,crank,52853,198.9,92.8,54,11
2023-04-28T19:07:41.367730,wheel,19005,157.9,91.0,54,11
2023-04-28T19:07:42.342499,crank,52853,201.4,92.7,54,11
2023-04-28T19:07:42.366945,wheel,19005,187.0,91.0,54,11
2023-04-28T19:07:42.841631,crank,52853,212.6,91.6,54,11
2023-04-28T19:07:43.115510,wheel,19005,189.0,92.0,54,11
2023-04-28T19:07:43.365291,wheel,19005,184.6,92.0,54,11
2023-04-28T19:07:43.590473,crank,52853,222.7,92.5,54,11
2023-04-28T19:07:43.840365,crank,52853,215.3,92.4,54,11
2023-04-28T19:07:43.864647,wheel,19005,186.1,91.0,54,11
2023-04-28T19:07:44.589239,crank,52853,217.4,92.5,54,11
2023-04-28T19:07:44.863265,wheel,19005,189.2,92.0,54,11
2023-04-28T19:07:45.088994,crank,52853,213.3,92.7,54,11
2023-04-28T19:07:45.612450,wheel,19005,186.4,92.0,54,11
2023-04-28T19:07:45.837655,crank,52853,194.3,93.2,54,11
2023-04-28T19:07:45.862002,wheel,19005,159.6,92.0,54,11
2023-04-28T19:07:46.361380,wheel,19005,160.9,92.0,54,11
2023-04-28T19:07:46.586895,crank,52853,185.4,92.2,54,11
2023-04-28T19:07:47.585464,crank,52853,190.8,92.4,54,11
2023-04-28T19:07:48.084842,crank,52853,189.2,92.5,54,11
2023-04-28T19:07:48.109142,wheel,19005,164.9,92.0,54,11
2023-04-28T19:07:48.334771,crank,52853,185.8,93.0,54,11
2023-04-28T19:07:48.608507,wheel,19005,161.5,92.0,54,11
2023-04-28T19:07:48.858264,wheel,19005,188.4,91.0,54,11
2023-04-28T19:07:49.083593,crank,52853,198.2,91.2,54,11
2023-04-28T19:07:49.357596,wheel,19005,161.9,91.0,54,11
2023-04-28T19:07:49.832668,crank,52853,219.2,92.5,54,11
2023-04-28T19:07:50.582122,crank,52853,219.3,92.2,54,11
2023-04-28T19:07:50.606116,wheel,19005,194.1,92.0,54,11
2023-04-28T19:07:50.855653,wheel,19005,162.5,92.0,54,11
2023-04-28T19:07:51.081341,crank,52853,209.6,92.7,54,11
2023-04-28T19:07:51.354976,wheel,19005,191.4,92.0,54,11
2023-04-28T19:07:51.830209,crank,52853,202.4,92.7,54,11
2023-04-28T19:07:51.854344,wheel,19005,196.6,92.0,54,11
2023-04-28T19:07:52.829327,crank,52853,214.6,93.3,54,11
2023-04-28T19:07:52.853258,wheel,19005,190.7,92.0,54,11
2023-04-28T19:07:53.352954,wheel,19005,190.3,92.0,54,11
2023-04-28T19:07:53.578010,crank,52853,212.7,92.5,54,11
2023-04-28T19:07:53.851966,wheel,19005,181.8,91.0,54,11
2023-04-28T19:07:54.327156,crank,52853,193.5,93.7,54,11
2023-04-28T19:07:54.351334,wheel,19005,143.2,91.0,54,11
2023-04-28T19:07:55.076126,crank,52853,173.7,91.8,54,11
2023-04-28T19:07:55.349911,wheel,19005,152.6,92.0,54,11
2023-04-28T19:07:55.825199,crank,52853,163.1,92.0,54,11
2023-04-28T19:07:55.849289,wheel,19005,146.0,92.0,54,11
2023-04-28T19:07:56.348637,wheel,19005,131.9,92.0,54,11
2023-04-28T19:07:56.574293,crank,52853,150.3,91.8,54,11
2023-04-28T19:07:56.823903,crank,52853,163.1,91.4,54,11
2023-04-28T19:07:56.848000,wheel,19005,140.8,92.0,54,11
2023-04-28T19:07:57.846704,wheel,19005,196.8,92.0,54,11
2023-04-28T19:07:58.072379,crank,52853,195.5,92.5,54,11
2023-04-28T19:07:58.346334,wheel,19005,185.2,92.0,54,11
2023-04-28T19:07:58.821902,crank,52853,211.2,92.6,54,11
2023-04-28T19:07:58.845761,wheel,19005,199.9,91.0,54,11
2023-04-28T19:07:59.344958,wheel,19005,178.4,91.0,54,11
2023-04-28T19:07:59.570545,crank,52853,203.8,93.4,54,11
2023-04-28T19:08:00.319617,crank,52853,188.6,92.7,54,11
2023-04-28T19:08:00.343710,wheel,19005,174.3,92.0,54,11
2023-04-28T19:08:01.069126,crank,52853,189.4,92.2,54,11
2023-04-28T19:08:01.092791,wheel,19005,170.7,92.0,54,11
2023-04-28T19:08:01.318362,crank,52853,187.1,92.8,54,11
2023-04-28T19:08:01.592214,wheel,19005,165.1,92.0,54,11
2023-04-28T19:08:01.841636,wheel,19005,166.8,92.0,54,11
2023-04-28T19:08:02.067630,crank,52853,183.1,92.5,54,11
2023-04-28T19:08:02.816459,crank,52853,187.6,91.7,54,11
2023-04-28T19:08:02.840361,wheel,19005,163.2,92.0,54,11
2023-04-28T19:08:03.339728,wheel,19005,166.6,92.0,54,11
2023-04-28T19:08:03.565569,crank,52853,187.2,92.4,54,11
2023-04-28T19:08:03.839330,wheel,19005,174.3,90.0,54,11
2023-04-28T19:08:04.064953,crank,52853,190.7,91.5,54,11
2023-04-28T19:08:04.338574,wheel,19005,171.8,90.0,54,11
2023-04-28T19:08:04.814217,crank,52853,202.6,92.0,54,11
2023-04-28T19:08:05.337335,wheel,19005,180.7,92.0,54,11
2023-04-28T19:08:05.812747,crank,52853,190.7,92.8,54,11
2023-04-28T19:08:05.836674,wheel,19005,173.3,92.0,54,11
2023-04-28T19:08:06.312146,crank,52853,183.7,92.3,54,11
2023-04-28T19:08:06.335893,wheel,19005,171.4,92.0,54,11
2023-04-28T19:08:06.835278,wheel,19005,166.6,91.0,54,11
2023-04-28T19:08:07.061237,crank,52853,193.4,91.5,54,11
2023-04-28T19:08:07.310844,crank,52853,193.9,92.6,54,11
2023-04-28T19:08:07.810219,crank,52853,193.3,91.4,54,11
2023-04-28T19:08:07.833956,wheel,19005,181.3,91.0,54,11
2023-04-28T19:08:08.333385,wheel,19005,185.1,91.0,54,11
2023-04-28T19:08:08.809060,crank,52853,203.9,92.2,54,11
2023-04-28T19:08:08.832762,wheel,19005,184.4,90.0,54,11
2023-04-28T19:08:09.332384,wheel,19005,195.6,90.0,54,11
2023-04-28T19:08:09.807874,crank,52853,207.1,92.2,54,11
2023-04-28T19:08:10.330936,wheel,19005,192.7,91.0,54,11
2023-04-28T19:08:10.556847,crank,52853,205.3,92.0,54,11
2023-04-28T19:08:10.830281,wheel,19005,200.8,91.0,54,11
2023-04-28T19:08:11.305904,crank,52853,212.3,91.9,54,11
2023-04-28T19:08:11.329654,wheel,19005,191.3,92.0,54,11
2023-04-28T19:08:11.805280,crank,52853,207.8,92.3,54,11
2023-04-28T19:08:11.828898,wheel,19005,207.5,92.0,54,11
2023-04-28T19:08:12.554557,crank,52853,196.8,93.9,54,11
2023-04-28T19:08:12.827638,wheel,19005,176.3,92.0,54,11
2023-04-28T19:08:13.303407,crank,52853,191.5,91.4,54,11
2023-04-28T19:08:13.327042,wheel,19005,179.6,92.0,54,11
2023-04-28T19:08:13.826349,wheel,19005,178.6,92.0,54,11
2023-04-28T19:08:14.052497,crank,52853,199.5,93.1,54,11
2023-04-28T19:08:14.302708,crank,52853,202.0,92.5,54,11
2023-04-28T19:08:14.326018,wheel,19005,195.0,91.0,54,11
2023-04-28T19:08:15.051230,crank,52853,202.3,93.1,54,11
2023-04-28T19:08:15.324564,wheel,19005,189.8,92.0,54,11
2023-04-28T19:08:15.800512,crank,52853,202.0,91.7,54,11
2023-04-28T19:08:15.823945,wheel,19005,195.1,92.0,54,11
2023-04-28T19:08:16.323286,wheel,19005,197.4,92.0,54,11
2023-04-28T19:08:16.549385,crank,52853,206.8,93.1,54,11
2023-04-28T19:08:16.822541,wheel,19005,166.2,92.0,54,11
2023-04-28T19:08:17.049222,crank,52853,205.0,92.2,54,11
2023-04-28T19:08:17.797813,crank,52853,209.5,92.2,54,11
2023-04-28T19:08:17.821331,wheel,19005,199.9,92.0,54,11
2023-04-28T19:08:18.547022,crank,52853,197.9,93.2,54,11
2023-04-28T19:08:18.820012,wheel,19005,167.1,91.0,54,11
2023-04-28T19:08:19.296225,crank,52853,187.8,93.4,54,11
2023-04-28T19:08:19.319440,wheel,19005,178.2,91.0,54,11
2023-04-28T19:08:20.045031,crank,52853,203.8,91.7,54,11
2023-04-28T19:08:20.068404,wheel,19005,181.1,92.0,54,11
2023-04-28T19:08:20.294964,crank,52853,210.3,93.0,54,11
2023-04-28T19:08:20.794175,crank,52853,204.4,92.0,54,11
2023-04-28T19:08:21.316901,wheel,19005,183.4,92.0,54,11
2023-04-28T19:08:21.543240,crank,52853,209.5,93.4,54,11
2023-04-28T19:08:21.816220,wheel,19005,196.9,92.0,54,11
2023-04-28T19:08:22.292213,crank,52853,193.6,92.9,54,11
2023-04-28T19:08:22.315518,wheel,19005,177.1,92.0,54,11
2023-04-28T19:08:22.814948,wheel,19005,198.8,92.0,54,11
2023-04-28T19:08:23.041492,crank,52853,202.9,93.0,54,11
2023-04-28T19:08:23.813626,wheel,19005,201.2,91.0,54,11
2023-04-28T19:08:24.289725,crank,52853,205.5,92.9,54,11
2023-04-28T19:08:24.313009,wheel,19005,188.5,91.0,54,11
2023-04-28T19:08:25.038792,crank,52853,214.0,92.2,54,11
2023-04-28T19:08:25.062090,wheel,19005,207.9,91.0,54,11
2023-04-28T19:08:25.312052,wheel,19005,220.2,92.0,54,11
2023-04-28T19:08:25.538168,crank,52853,235.1,92.1,54,11
2023-04-28T19:08:26.287473,crank,52853,236.9,92.8,54,11
2023-04-28T19:08:26.310537,wheel,19005,213.6,92.0,54,11
2023-04-28T19:08:26.809851,wheel,19005,198.8,92.0,54,11
2023-04-28T19:08:27.036264,crank,52853,228.4,93.3,54,11
2023-04-28T19:08:27.309247,wheel,19005,216.6,92.0,54,11
2023-04-28T19:08:27.785363,crank,52853,221.7,92.8,54,11
2023-04-28T19:08:27.808500,wheel,19005,190.7,92.0,54,11
2023-04-28T19:08:28.035231,crank,52853,221.4,93.4,54,11
2023-04-28T19:08:28.534666,crank,52853,206.8,92.7,54,11
2023-04-28T19:08:28.807244,wheel,19005,176.2,92.0,54,11
2023-04-28T19:08:29.283496,crank,52853,191.8,93.8,54,11
2023-04-28T19:08:29.306608,wheel,19005,170.5,91.0,54,11
2023-04-28T19:08:29.806010,wheel,19005,191.6,91.0,54,11
2023-04-28T19:08:30.032586,crank,52853,199.6,91.8,54,11
2023-04-28T19:08:30.305567,wheel,19005,175.1,92.0,54,11
2023-04-28T19:08:30.781808,crank,52853,206.8,93.1,54,11
2023-04-28T19:08:31.530722,crank,52853,204.4,93.2,54,11
2023-04-28T19:08:31.553788,wheel,19005,194.2,92.0,54,11
2023-04-28T19:08:31.780625,crank,52853,222.5,92.4,54,11
2023-04-28T19:08:31.803514,wheel,19005,215.9,92.0,54,11
2023-04-28T19:08:32.303064,wheel,19005,196.9,92.0,54,11
2023-04-28T19:08:32.529820,crank,52853,220.6,92.7,54,11
2023-04-28T19:08:32.802169,wheel,19005,189.0,92.0,54,11
2023-04-28T19:08:33.278542,crank,52853,202.9,93.0,54,11
2023-04-28T19:08:33.800914,wheel,19005,178.9,92.0,54,11
2023-04-28T19:08:34.027683,crank,52853,206.2,93.2,54,11
2023-04-28T19:08:34.300251,wheel,19005,186.8,91.0,54,11
2023-04-28T19:08:34.776654,crank,52853,205.0,92.2,54,11
2023-04-28T19:08:34.799632,wheel,19005,166.4,91.0,54,11
2023-04-28T19:08:35.276289,crank,52853,203.9,93.0,54,11
2023-04-28T19:08:35.299050,wheel,19005,167.3,92.0,54,11
2023-04-28T19:08:36.297928,wheel,19005,191.4,92.0,54,11
2023-04-28T19:08:36.774315,crank,52853,209.2,92.5,54,11
2023-04-28T19:08:36.797037,wheel,19005,171.4,92.0,54,11
2023-04-28T19:08:37.023802,crank,52853,207.2,93.7,54,11
2023-04-28T19:08:37.296485,wheel,19005,184.7,92.0,54,11
2023-04-28T19:08:37.772926,crank,52853,189.6,91.8,54,11
2023-04-28T19:08:37.795784,wheel,19005,148.5,92.0,54,11
2023-04-28T19:08:38.272316,crank,52853,188.4,93.4,54,11
2023-04-28T19:08:38.794547,wheel,19005,185.4,92.0,54,11
2023-04-28T19:08:39.021484,crank,52853,194.8,90.9,54,11
2023-04-28T19:08:39.293915,wheel,19005,184.5,91.0,54,11
2023-04-28T19:08:39.793263,wheel,19005,180.1,91.0,54,11
2023-04-28T19:08:40.020143,crank,52853,198.9,93.2,54,11
2023-04-28T19:08:40.270025,crank,52853,197.1,93.7,54,11
2023-04-28T19:08:40.292636,wheel,19005,200.4,92.0,54,11
2023-04-28T19:08:41.291569,wheel,19005,204.7,92.0,54,11
2023-04-28T19:08:41.768016,crank,52853,221.0,92.5,54,11
2023-04-28T19:08:41.790788,wheel,19005,186.7,92.0,54,11
2023-04-28T19:08:42.267400,crank,52853,207.0,92.7,54,11
2023-04-28T19:08:42.789518,wheel,19005,170.1,92.0,54,11
2023-04-28T19:08:43.266071,crank,52853,194.2,93.6,54,11
2023-04-28T19:08:43.765521,crank,52853,193.3,92.7,54,11
2023-04-28T19:08:43.788173,wheel,19005,162.4,91.0,54,11
2023-04-28T19:08:44.287511,wheel,19005,199.0,91.0,54,11
2023-04-28T19:08:44.514749,crank,52853,196.7,92.6,54,11
2023-04-28T19:08:44.786879,wheel,19005,171.1,92.0,54,11
2023-04-28T19:08:45.263594,crank,52853,192.4,93.2,54,11
2023-04-28T19:08:45.286249,wheel,19005,177.8,92.0,54,11
2023-04-28T19:08:45.513286,crank,52853,196.1,92.3,54,11
2023-04-28T19:08:46.012664,crank,52853,199.7,92.7,54,11
2023-04-28T19:08:46.285259,wheel,19005,188.2,92.0,54,11
2023-04-28T19:08:46.761901,crank,52853,207.1,92.8,54,11
2023-04-28T19:08:46.784443,wheel,19005,194.5,92.0,54,11
2023-04-28T19:08:47.283802,wheel,19005,190.5,92.0,54,11
2023-04-28T19:08:47.510790,crank,52853,204.1,92.2,54,11
2023-04-28T19:08:48.259863,crank,52853,204.4,93.2,54,11
2023-04-28T19:08:48.781790,wheel,19005,193.9,91.0,54,11
2023-04-28T19:08:49.009085,crank,52853,209.0,92.0,54,11
2023-04-28T19:08:49.258584,crank,52853,208.8,92.3,54,11
2023-04-28T19:08:49.780535,wheel,19005,173.3,92.0,54,11
2023-04-28T19:08:50.007814,crank,52853,200.3,93.4,54,11
2023-04-28T19:08:50.279901,wheel,19005,198.1,92.0,54,11
2023-04-28T19:08:50.756860,crank,52853,197.9,91.9,54,11
2023-04-28T19:08:50.779343,wheel,19005,168.3,92.0,54,11
2023-04-28T19:08:51.256292,crank,52853,194.7,93.0,54,11
2023-04-28T19:08:52.005234,crank,52853,184.6,92.3,54,11
2023-04-28T19:08:52.027658,wheel,19005,155.7,92.0,54,11
2023-04-28T19:08:52.277422,wheel,19005,184.1,92.0,54,11
2023-04-28T19:08:52.754499,crank,52853,190.6,92.3,54,11
2023-04-28T19:08:52.776786,wheel,19005,186.8,92.0,54,11
2023-04-28T19:08:53.503782,crank,52853,188.1,92.4,54,11
2023-04-28T19:08:53.525946,wheel,19005,173.4,92.0,54,11
2023-04-28T19:08:54.252385,crank,52853,189.4,92.2,54,11
2023-04-28T19:08:54.524585,wheel,19005,181.3,91.0,54,11
2023-04-28T19:08:54.774179,wheel,19005,195.7,92.0,54,11
2023-04-28T19:08:55.273550,wheel,19005,164.3,92.0,54,11
2023-04-28T19:08:55.500975,crank,52853,194.2,92.3,54,11
2023-04-28T19:08:55.773009,wheel,19005,186.0,91.0,54,11
2023-04-28T19:08:56.000221,crank,52853,192.9,92.1,54,11
2023-04-28T19:08:56.749493,crank,52853,192.9,92.5,54,11
2023-04-28T19:08:56.771677,wheel,19005,169.3,91.0,54,11
2023-04-28T19:08:57.271138,wheel,19005,192.2,91.0,54,11
2023-04-28T19:08:57.498354,crank,52853,189.1,91.6,54,11
2023-04-28T19:08:57.770493,wheel,19005,164.3,91.0,54,11
2023-04-28T19:08:58.247379,crank,52853,187.2,92.4,54,11
2023-04-28T19:08:58.269729,wheel,19005,187.1,91.0,54,11
2023-04-28T19:08:58.497620,crank,52853,203.3,92.3,54,11
2023-04-28T19:08:58.996828,crank,52853,217.6,91.8,54,11
2023-04-28T19:08:59.268426,wheel,19005,200.2,91.0,54,11
2023-04-28T19:08:59.745509,crank,52853,211.1,92.5,54,11
2023-04-28T19:08:59.767759,wheel,19005,201.6,91.0,54,11
2023-04-28T19:09:00.267112,wheel,19005,204.5,92.0,54,11
2023-04-28T19:09:00.494625,crank,52853,205.4,91.2,54,11
2023-04-28T19:09:00.766532,wheel,19005,190.6,92.0,54,11
2023-04-28T19:09:01.493347,crank,52853,207.8,93.9,54,11
2023-04-28T19:09:01.765498,wheel,19005,172.6,92.0,54,11
2023-04-28T19:09:01.992765,crank,52853,189.2,93.0,54,11
2023-04-28T19:09:02.264762,wheel,19005,172.5,92.0,54,11
2023-04-28T19:09:02.742036,crank,52853,181.9,91.4,54,11
2023-04-28T19:09:02.764065,wheel,19005,169.1,92.0,54,11
2023-04-28T19:09:02.991517,crank,52853,174.8,93.4,54,11
2023-04-28T19:09:03.740543,crank,52853,176.4,90.9,54,11
2023-04-28T19:09:04.239925,crank,52853,204.5,92.5,54,11
2023-04-28T19:09:04.512009,wheel,19005,180.1,90.0,54,11
2023-04-28T19:09:04.761410,wheel,19005,175.5,90.0,54,11
2023-04-28T19:09:05.238709,crank,52853,200.5,91.8,54,11
2023-04-28T19:09:05.510570,wheel,19005,172.2,91.0,54,11
2023-04-28T19:09:05.760179,wheel,19005,208.8,91.0,54,11
2023-04-28T19:09:06.737237,crank,52853,209.9,92.2,54,11
2023-04-28T19:09:06.759054,wheel,19005,201.2,92.0,54,11
2023-04-28T19:09:07.236414,crank,52853,220.3,92.6,54,11
2023-04-28T19:09:07.258353,wheel,19005,209.7,92.0,54,11
2023-04-28T19:09:07.485911,crank,52853,207.3,92.9,54,11
2023-04-28T19:09:08.007291,wheel,19005,195.6,92.0,54,11
2023-04-28T19:09:08.235087,crank,52853,203.3,92.3,54,11
2023-04-28T19:09:08.257033,wheel,19005,194.9,92.0,54,11
2023-04-28T19:09:08.734341,crank,52853,192.0,93.4,54,11
2023-04-28T19:09:09.483642,crank,52853,184.1,92.5,54,11
2023-04-28T19:09:09.505619,wheel,19005,167.4,91.0,54,11
2023-04-28T19:09:09.755107,wheel,19005,175.7,91.0,54,11
2023-04-28T19:09:10.232476,crank,52853,189.4,92.6,54,11
2023-04-28T19:09:10.504211,wheel,19005,188.5,92.0,54,11
2023-04-28T19:09:10.731851,crank,52853,196.1,91.9,54,11
2023-04-28T19:09:10.753816,wheel,19005,177.4,92.0,54,11
2023-04-28T19:09:11.480889,crank,52853,204.4,92.8,54,11
2023-04-28T19:09:11.752779,wheel,19005,187.7,92.0,54,11
2023-04-28T19:09:11.980287,crank,52853,213.7,92.1,54,11
2023-04-28T19:09:12.251909,wheel,19005,198.8,92.0,54,11
2023-04-28T19:09:12.729578,crank,52853,224.3,92.7,54,11
2023-04-28T19:09:13.000925,wheel,19005,219.2,92.0,54,11
2023-04-28T19:09:13.250727,wheel,19005,196.4,92.0,54,11
2023-04-28T19:09:13.478493,crank,52853,217.2,92.5,54,11
2023-04-28T19:09:14.249367,wheel,19005,185.9,91.0,54,11
2023-04-28T19:09:14.748728,wheel,19005,168.2,91.0,54,11
2023-04-28T19:09:14.976670,crank,52853,199.2,93.4,54,11
2023-04-28T19:09:15.226273,crank,52853,196.8,92.2,54,11
2023-04-28T19:09:15.497829,wheel,19005,168.2,92.0,54,11
2023-04-28T19:09:15.747466,wheel,19005,190.2,92.0,54,11
2023-04-28T19:09:15.975305,crank,52853,204.4,92.4,54,11
2023-04-28T19:09:16.724713,crank,52853,208.6,92.7,54,11
2023-04-28T19:09:16.746393,wheel,19005,192.5,92.0,54,11
2023-04-28T19:09:17.224024,crank,52853,198.2,92.9,54,11
2023-04-28T19:09:17.245626,wheel,19005,186.1,92.0,54,11
2023-04-28T19:09:17.744994,wheel,19005,198.3,92.0,54,11
2023-04-28T19:09:18.222596,crank,52853,192.4,92.3,54,11
2023-04-28T19:09:18.244356,wheel,19005,182.0,92.0,54,11
2023-04-28T19:11:58.023598,crank,52853,217.9,91.2,54,12
2023-04-28T19:11:58.040796,wheel,19005,171.5,92.0,54,12
2023-04-28T19:11:58.522718,crank,52853,207.4,92.1,54,12
2023-04-28T19:11:59.039349,wheel,19005,204.4,92.0,54,12
2023-04-28T19:11:59.271630,crank,52853,205.3,90.0,54,12
2023-04-28T19:11:59.521572,crank,52853,219.8,90.9,54,12
2023-04-28T19:11:59.538775,wheel,19005,199.9,93.0,54,12
2023-04-28T19:12:00.270763,crank,52853,209.7,91.2,54,12
2023-04-28T19:12:00.287791,wheel,19005,190.4,93.0,54,12
2023-04-28T19:12:00.537365,wheel,19005,177.4,93.0,54,12
2023-04-28T19:12:01.019458,crank,52853,204.7,91.7,54,12
2023-04-28T19:12:01.768704,crank,52853,201.7,90.8,54,12
2023-04-28T19:12:02.035633,wheel,19005,176.0,93.0,54,12
2023-04-28T19:12:02.517793,crank,52853,187.4,90.8,54,12
2023-04-28T19:12:02.784516,wheel,19005,166.9,93.0,54,12
2023-04-28T19:12:03.034340,wheel,19005,164.2,93.0,54,12
2023-04-28T19:12:03.266647,crank,52853,188.2,90.7,54,12
2023-04-28T19:12:03.533671,wheel,19005,157.4,92.0,54,12
2023-04-28T19:12:04.015723,crank,52853,193.5,91.1,54,12
2023-04-28T19:12:04.265848,crank,52853,192.3,92.2,54,12
2023-04-28T19:12:04.532297,wheel,19005,179.9,93.0,54,12
2023-04-28T19:12:05.031664,wheel,19005,188.2,93.0,54,12
2023-04-28T19:12:05.513927,crank,52853,210.1,91.0,54,12
2023-04-28T19:12:05.531030,wheel,19005,178.3,93.0,54,12
2023-04-28T19:12:06.030471,wheel,19005,167.5,93.0,54,12
2023-04-28T19:12:06.262946,crank,52853,199.9,91.6,54,12
2023-04-28T19:12:07.012220,crank,52853,194.5,91.6,54,12
2023-04-28T19:12:07.029198,wheel,19005,162.6,93.0,54,12
2023-04-28T19:12:07.528557,wheel,19005,165.3,93.0,54,12
2023-04-28T19:12:07.761121,crank,52853,191.2,91.7,54,12
2023-04-28T19:12:08.027855,wheel,19005,189.8,93.0,54,12
2023-04-28T19:12:08.510099,crank,52853,198.5,91.0,54,12
2023-04-28T19:12:08.527177,wheel,19005,175.1,92.0,54,12
2023-04-28T19:12:09.259325,crank,52853,208.7,91.1,54,12
2023-04-28T19:12:09.508778,crank,52853,204.4,92.0,54,12
2023-04-28T19:12:09.775640,wheel,19005,180.6,93.0,54,12
2023-04-28T19:12:10.008619,crank,52853,194.6,91.6,54,12
2023-04-28T19:12:10.025388,wheel,19005,177.2,93.0,54,12
2023-04-28T19:12:10.524934,wheel,19005,175.9,93.0,54,12
2023-04-28T19:12:10.757226,crank,52853,192.3,91.0,54,12
2023-04-28T19:12:11.024017,wheel,19005,179.1,93.0,54,12
2023-04-28T19:12:11.506354,crank,52853,192.7,91.6,54,12
2023-04-28T19:12:12.022758,wheel,19005,170.3,93.0,54,12
2023-04-28T19:12:12.255539,crank,52853,183.0,90.3,54,12
2023-04-28T19:12:12.522097,wheel,19005,130.2,93.0,54,12
2023-04-28T19:12:13.004431,crank,52853,175.7,92.9,54,12
2023-04-28T19:12:13.021479,wheel,19005,183.7,93.0,54,12
2023-04-28T19:12:13.520828,wheel,19005,173.2,92.0,54,12
2023-04-28T19:12:13.753508,crank,52853,174.7,90.0,54,12
2023-04-28T19:12:14.003601,crank,52853,188.6,90.5,54,12
2023-04-28T19:12:14.519773,wheel,19005,166.4,93.0,54,12
2023-04-28T19:12:14.752254,crank,52853,185.0,90.9,54,12
2023-04-28T19:12:15.019020,wheel,19005,161.8,93.0,54,12
2023-04-28T19:12:15.501311,crank,52853,181.3,91.6,54,12
2023-04-28T19:12:15.518482,wheel,19005,167.6,93.0,54,12
2023-04-28T19:12:16.500064,crank,52853,182.5,90.8,54,12
2023-04-28T19:12:16.999438,crank,52853,187.3,91.2,54,12
2023-04-28T19:12:17.016377,wheel,19005,169.3,93.0,54,12
2023-04-28T19:12:17.249244,crank,52853,194.3,91.5,54,12
2023-04-28T19:12:17.515736,wheel,19005,190.0,93.0,54,12
2023-04-28T19:12:18.015451,wheel,19005,191.3,93.0,54,12
2023-04-28T19:12:18.497804,crank,52853,211.8,90.2,54,12
2023-04-28T19:12:18.764161,wheel,19005,199.6,92.0,54,12
2023-04-28T19:12:19.246628,crank,52853,218.8,90.5,54,12
2023-04-28T19:12:19.513405,wheel,19005,192.4,93.0,54,12
2023-04-28T19:12:19.995703,crank,52853,217.5,91.4,54,12
2023-04-28T19:12:20.012555,wheel,19005,173.3,93.0,54,12
2023-04-28T19:12:20.511938,wheel,19005,178.3,93.0,54,12
2023-04-28T19:12:20.744994,crank,52853,195.5,92.5,54,12
2023-04-28T19:12:21.011369,wheel,19005,167.4,93.0,54,12
2023-04-28T19:12:21.493825,crank,52853,188.2,91.6,54,12
2023-04-28T19:12:22.010244,wheel,19005,166.3,93.0,54,12
2023-04-28T19:12:22.242919,crank,52853,191.2,91.3,54,12
2023-04-28T19:12:22.509638,wheel,19005,185.1,93.0,54,12
2023-04-28T19:12:23.008878,wheel,19005,168.6,93.0,54,12
2023-04-28T19:12:23.241640,crank,52853,202.7,91.4,54,12
2023-04-28T19:12:23.508174,wheel,19005,169.1,92.0,54,12
2023-04-28T19:12:23.990746,crank,52853,177.8,91.2,54,12
2023-04-28T19:12:24.490108,crank,52853,196.0,91.0,54,12
2023-04-28T19:12:24.506814,wheel,19005,176.9,93.0,54,12
2023-04-28T19:12:25.006242,wheel,19005,170.2,93.0,54,12
2023-04-28T19:12:25.488868,crank,52853,194.1,91.8,54,12
2023-04-28T19:12:25.505562,wheel,19005,175.3,93.0,54,12
2023-04-28T19:12:25.988460,crank,52853,190.1,90.8,54,12
2023-04-28T19:12:26.004994,wheel,19005,178.1,93.0,54,12
2023-04-28T19:12:26.737294,crank,52853,198.2,90.8,54,12
2023-04-28T19:12:27.003731,wheel,19005,179.5,93.0,54,12
2023-04-28T19:12:27.486441,crank,52853,197.1,92.0,54,12
2023-04-28T19:12:27.503053,wheel,19005,175.9,93.0,54,12
2023-04-28T19:12:28.002381,wheel,19005,175.9,93.0,54,12
2023-04-28T19:12:28.235913,crank,52853,193.9,91.3,54,12
2023-04-28T19:12:28.485171,crank,52853,194.5,91.2,54,12
2023-04-28T19:12:28.501720,wheel,19005,187.0,92.0,54,12
2023-04-28T19:12:29.234374,crank,52853,211.3,92.2,54,12
2023-04-28T19:12:29.500489,wheel,19005,204.1,93.0,54,12
2023-04-28T19:12:29.733591,crank,52853,234.9,89.6,54,12
2023-04-28T19:12:30.000111,wheel,19005,229.6,93.0,54,12
2023-04-28T19:12:30.499324,wheel,19005,230.8,93.0,54,12
2023-04-28T19:12:30.732311,crank,52853,258.0,90.6,54,12
2023-04-28T19:12:30.998666,wheel,19005,204.6,93.0,54,12
2023-04-28T19:12:31.231720,crank,52853,239.3,92.7,54,12
2023-04-28T19:12:32.230867,crank,52853,211.7,91.2,54,12
2023-04-28T19:12:32.480153,crank,52853,213.7,92.1,54,12
2023-04-28T19:12:32.496674,wheel,19005,185.0,93.0,54,12
2023-04-28T19:12:32.996027,wheel,19005,187.3,93.0,54,12
2023-04-28T19:12:33.495388,wheel,19005,181.4,92.0,54,12
2023-04-28T19:12:33.728619,crank,52853,208.4,91.8,54,12
2023-04-28T19:12:33.995064,wheel,19005,174.1,92.0,54,12
2023-04-28T19:12:34.477799,crank,52853,203.0,91.4,54,12
2023-04-28T19:12:34.993480,wheel,19005,182.2,93.0,54,12
2023-04-28T19:12:35.226718,crank,52853,207.8,91.5,54,12
2023-04-28T19:12:35.492871,wheel,19005,178.4,93.0,54,12
2023-04-28T19:12:35.975804,crank,52853,204.9,91.4,54,12
2023-04-28T19:12:35.992193,wheel,19005,189.4,93.0,54,12
2023-04-28T19:12:36.491551,wheel,19005,190.8,93.0,54,12
2023-04-28T19:12:36.725126,crank,52853,211.9,91.7,54,12
2023-04-28T19:12:36.974560,crank,52853,219.6,91.6,54,12
2023-04-28T19:12:37.490372,wheel,19005,184.8,93.0,54,12
2023-04-28T19:12:37.723620,crank,52853,207.7,91.8,54,12
2023-04-28T19:12:37.989841,wheel,19005,185.2,93.0,54,12
2023-04-28T19:12:38.472915,crank,52853,203.2,91.8,54,12
2023-04-28T19:12:38.988455,wheel,19005,189.0,92.0,54,12
2023-04-28T19:12:39.487762,wheel,19005,166.6,93.0,54,12
2023-04-28T19:12:39.721677,crank,52853,208.6,91.6,54,12
2023-04-28T19:12:40.470184,crank,52853,204.4,92.0,54,12
2023-04-28T19:12:40.486434,wheel,19005,190.1,93.0,54,12
2023-04-28T19:12:40.985818,wheel,19005,184.2,93.0,54,12
2023-04-28T19:12:41.469022,crank,52853,208.5,91.0,54,12
2023-04-28T19:12:41.485258,wheel,19005,177.3,93.0,54,12
2023-04-28T19:12:41.968525,crank,52853,202.9,91.7,54,12
2023-04-28T19:12:41.984594,wheel,19005,155.1,93.0,54,12
2023-04-28T19:12:42.218004,crank,52853,180.7,91.3,54,12
2023-04-28T19:12:42.967151,crank,52853,168.4,91.9,54,12
2023-04-28T19:12:42.983420,wheel,19005,146.7,93.0,54,12
2023-04-28T19:12:43.482625,wheel,19005,171.4,92.0,54,12
2023-04-28T19:12:43.716631,crank,52853,175.1,90.7,54,12
2023-04-28T19:12:43.982015,wheel,19005,191.7,92.0,54,12
2023-04-28T19:12:44.215675,crank,52853,193.7,91.6,54,12
2023-04-28T19:12:44.481358,wheel,19005,176.2,93.0,54,12
2023-04-28T19:12:44.964630,crank,52853,196.6,90.9,54,12
2023-04-28T19:12:45.480309,wheel,19005,176.5,93.0,54,12
2023-04-28T19:12:45.963526,crank,52853,196.0,91.0,54,12
2023-04-28T19:12:46.229139,wheel,19005,168.5,93.0,54,12
2023-04-28T19:12:46.462839,crank,52853,202.3,92.2,54,12
2023-04-28T19:12:46.478819,wheel,19005,188.1,93.0,54,12
2023-04-28T19:12:46.978307,wheel,19005,171.7,93.0,54,12
2023-04-28T19:12:47.461524,crank,52853,202.6,91.0,54,12
2023-04-28T19:12:47.976948,wheel,19005,179.1,93.0,54,12
2023-04-28T19:12:48.210745,crank,52853,207.6,91.0,54,12
2023-04-28T19:12:48.476260,wheel,19005,171.4,92.0,54,12
2023-04-28T19:12:48.959634,crank,52853,189.2,91.6,54,12
2023-04-28T19:12:48.975639,wheel,19005,156.3,92.0,54,12
2023-04-28T19:12:49.475295,wheel,19005,154.1,93.0,54,12
2023-04-28T19:12:49.708683,crank,52853,178.8,91.2,54,12
2023-04-28T19:12:50.457984,crank,52853,181.5,90.8,54,12
2023-04-28T19:12:50.723416,wheel,19005,155.5,93.0,54,12
2023-04-28T19:12:50.973102,wheel,19005,141.2,93.0,54,12
2023-04-28T19:12:51.207327,crank,52853,164.5,91.2,54,12
2023-04-28T19:12:51.722375,wheel,19005,154.8,93.0,54,12
2023-04-28T19:12:51.971830,wheel,19005,143.9,93.0,54,12
2023-04-28T19:12:52.205787,crank,52853,163.0,90.9,54,12
2023-04-28T19:12:52.954695,crank,52853,189.0,90.7,54,12
2023-04-28T19:12:53.220222,wheel,19005,166.8,90.0,54,12
2023-04-28T19:12:53.470170,wheel,19005,182.6,92.0,54,12
2023-04-28T19:12:53.703738,crank,52853,204.2,91.1,54,12
2023-04-28T19:12:53.969372,wheel,19005,198.7,92.0,54,12
2023-04-28T19:12:54.203093,crank,52853,207.0,90.8,54,12
2023-04-28T19:12:54.468676,wheel,19005,195.1,92.0,54,12
2023-04-28T19:12:55.202200,crank,52853,214.3,91.2,54,12
2023-04-28T19:12:55.467339,wheel,19005,184.3,92.0,54,12
2023-04-28T19:12:55.701356,crank,52853,202.7,91.6,54,12
2023-04-28T19:12:55.966697,wheel,19005,170.8,92.0,54,12
2023-04-28T19:12:56.466104,wheel,19005,164.9,92.0,54,12
2023-04-28T19:12:56.699971,crank,52853,192.2,90.9,54,12
2023-04-28T19:12:56.965585,wheel,19005,195.7,92.0,54,12
2023-04-28T19:12:57.948607,crank,52853,185.5,91.2,54,12
2023-04-28T19:12:57.964237,wheel,19005,174.6,92.0,54,12
2023-04-28T19:12:58.198091,crank,52853,186.2,91.0,54,12
2023-04-28T19:12:58.463635,wheel,19005,177.5,92.0,54,12
2023-04-28T19:12:58.962907,wheel,19005,143.1,92.0,54,12
2023-04-28T19:12:59.462261,wheel,19005,172.0,92.0,54,12
2023-04-28T19:12:59.696368,crank,52853,179.4,91.1,54,12
2023-04-28T19:13:00.195836,crank,52853,176.5,90.5,54,12
2023-04-28T19:13:00.460989,wheel,19005,175.4,92.0,54,12
2023-04-28T19:13:00.945153,crank,52853,194.3,90.2,54,12
2023-04-28T19:13:00.960501,wheel,19005,191.5,92.0,54,12
2023-04-28T19:13:01.459936,wheel,19005,173.4,92.0,54,12
2023-04-28T19:13:01.693749,crank,52853,192.7,91.6,54,12
2023-04-28T19:13:01.959209,wheel,19005,195.5,92.0,54,12
2023-04-28T19:13:02.443028,crank,52853,207.0,90.3,54,12
2023-04-28T19:13:02.942194,crank,52853,214.7,90.6,54,12
2023-04-28T19:13:03.441585,crank,52853,203.4,91.2,54,12
2023-04-28T19:13:03.457141,wheel,19005,183.7,92.0,54,12
2023-04-28T19:13:03.956510,wheel,19005,178.5,92.0,54,12
2023-04-28T19:13:04.440307,crank,52853,202.2,91.4,54,12
2023-04-28T19:13:04.455928,wheel,19005,168.2,92.0,54,12
2023-04-28T19:13:04.940151,crank,52853,201.3,91.0,54,12
2023-04-28T19:13:04.955571,wheel,19005,182.0,91.0,54,12
2023-04-28T19:13:05.688765,crank,52853,202.9,92.1,54,12
2023-04-28T19:13:05.938632,crank,52853,197.2,91.2,54,12
2023-04-28T19:13:05.954073,wheel,19005,171.2,91.0,54,12
2023-04-28T19:13:06.687730,crank,52853,191.2,91.3,54,12
2023-04-28T19:13:06.703114,wheel,19005,172.9,91.0,54,12
2023-04-28T19:13:06.952719,wheel,19005,165.0,91.0,54,12
2023-04-28T19:13:07.436596,crank,52853,188.2,91.2,54,12
2023-04-28T19:13:07.452082,wheel,19005,169.2,91.0,54,12
2023-04-28T19:13:08.185627,crank,52853,193.7,91.2,54,12
2023-04-28T19:13:08.450918,wheel,19005,164.4,91.0,54,12
2023-04-28T19:13:08.685030,crank,52853,187.3,92.0,54,12
2023-04-28T19:13:09.199867,wheel,19005,178.1,91.0,54,12
2023-04-28T19:13:09.434347,crank,52853,193.8,90.4,54,12
2023-04-28T19:13:09.449646,wheel,19005,194.6,91.0,54,12
2023-04-28T19:13:09.949039,wheel,19005,205.9,91.0,54,12
2023-04-28T19:13:10.183237,crank,52853,224.8,91.8,54,12
2023-04-28T19:13:10.932234,crank,52853,221.7,91.0,54,12
2023-04-28T19:13:10.947611,wheel,19005,190.8,91.0,54,12
2023-04-28T19:13:11.182092,crank,52853,200.6,92.3,54,12
2023-04-28T19:13:11.696719,wheel,19005,173.6,91.0,54,12
2023-04-28T19:13:11.930942,crank,52853,188.8,91.4,54,12
2023-04-28T19:13:11.946281,wheel,19005,174.9,92.0,54,12
2023-04-28T19:13:12.445918,wheel,19005,195.1,92.0,54,12
2023-04-28T19:13:12.680071,crank,52853,200.0,91.2,54,12
2023-04-28T19:13:13.429221,crank,52853,205.9,91.8,54,12
2023-04-28T19:13:13.694145,wheel,19005,190.7,92.0,54,12
2023-04-28T19:13:13.928488,crank,52853,207.5,91.8,54,12
2023-04-28T19:13:13.943826,wheel,19005,192.9,92.0,54,12
2023-04-28T19:13:14.443199,wheel,19005,200.9,92.0,54,12
2023-04-28T19:13:14.677755,crank,52853,208.7,91.1,54,12
2023-04-28T19:13:14.942529,wheel,19005,190.5,91.0,54,12
2023-04-28T19:13:15.426621,crank,52853,213.7,92.1,54,12
2023-04-28T19:13:15.941310,wheel,19005,195.4,92.0,54,12
2023-04-28T19:13:16.175706,crank,52853,212.2,91.1,54,12
2023-04-28T19:13:16.425814,crank,52853,213.7,91.7,54,12
2023-04-28T19:13:16.440819,wheel,19005,196.8,92.0,54,12
2023-04-28T19:13:16.940052,wheel,19005,190.3,92.0,54,12
2023-04-28T19:13:17.174444,crank,52853,209.8,91.6,54,12
2023-04-28T19:13:17.439446,wheel,19005,185.5,92.0,54,12
2023-04-28T19:13:17.923544,crank,52853,202.7,92.0,54,12
2023-04-28T19:13:18.438083,wheel,19005,173.4,92.0,54,12
2023-04-28T19:13:18.672755,crank,52853,197.3,91.6,54,12
2023-04-28T19:13:19.187214,wheel,19005,190.1,92.0,54,12
2023-04-28T19:13:19.421649,crank,52853,198.7,90.6,54,12
2023-04-28T19:13:19.436782,wheel,19005,164.7,92.0,54,12
2023-04-28T19:13:19.936257,wheel,19005,183.2,91.0,54,12
2023-04-28T19:13:20.170743,crank,52853,198.2,92.0,54,12
2023-04-28T19:13:20.919887,crank,52853,195.0,91.0,54,12
2023-04-28T19:13:20.934974,wheel,19005,177.6,92.0,54,12
2023-04-28T19:13:21.434285,wheel,19005,171.9,92.0,54,12
2023-04-28T19:13:21.669239,crank,52853,198.4,91.5,54,12
2023-04-28T19:13:21.933622,wheel,19005,185.2,92.0,54,12
2023-04-28T19:13:22.417909,crank,52853,195.4,92.9,54,12
2023-04-28T19:13:22.432964,wheel,19005,170.1,92.0,54,12
2023-04-28T19:13:23.167134,crank,52853,202.4,90.7,54,12
2023-04-28T19:13:23.431712,wheel,19005,196.1,92.0,54,12
2023-04-28T19:13:23.916579,crank,52853,217.3,92.1,54,12
2023-04-28T19:13:23.931244,wheel,19005,196.0,92.0,54,12
2023-04-28T19:13:24.665118,crank,52853,207.6,91.4,54,12
2023-04-28T19:13:24.680106,wheel,19005,198.8,92.0,54,12
2023-04-28T19:13:24.915013,crank,52853,199.0,91.6,54,12
2023-04-28T19:13:25.179497,wheel,19005,185.8,92.0,54,12
2023-04-28T19:13:25.664341,crank,52853,200.6,91.9,54,12
2023-04-28T19:13:25.928552,wheel,19005,180.4,92.0,54,12
2023-04-28T19:13:26.412935,crank,52853,204.6,91.3,54,12
2023-04-28T19:13:26.427866,wheel,19005,206.0,92.0,54,12
2023-04-28T19:13:26.912317,crank,52853,201.8,91.2,54,12
2023-04-28T19:13:26.927237,wheel,19005,192.5,92.0,54,12
2023-04-28T19:13:27.661394,crank,52853,197.7,92.2,54,12
2023-04-28T19:13:27.676282,wheel,19005,172.3,92.0,54,12
2023-04-28T19:13:28.410649,crank,52853,188.7,91.8,54,12
2023-04-28T19:13:28.425431,wheel,19005,192.8,92.0,54,12
2023-04-28T19:13:28.924813,wheel,19005,203.5,92.0,54,12
2023-04-28T19:13:29.159537,crank,52853,196.4,91.6,54,12
2023-04-28T19:13:29.424131,wheel,19005,199.9,92.0,54,12
2023-04-28T19:13:30.158390,crank,52853,206.8,91.5,54,12
2023-04-28T19:13:30.173229,wheel,19005,193.1,92.0,54,12
2023-04-28T19:13:30.907341,crank,52853,200.8,91.6,54,12
2023-04-28T19:13:30.922134,wheel,19005,187.9,92.0,54,12
2023-04-28T19:13:31.421750,wheel,19005,181.0,92.0,54,12
2023-04-28T19:13:31.656424,crank,52853,204.2,91.9,54,12
2023-04-28T19:13:31.921002,wheel,19005,191.8,92.0,54,12
2023-04-28T19:13:32.155792,crank,52853,212.3,90.8,54,12
2023-04-28T19:13:32.420307,wheel,19005,203.1,92.0,54,12
2023-04-28T19:13:32.904844,crank,52853,215.7,91.4,54,12
2023-04-28T19:13:33.418968,wheel,19005,187.0,92.0,54,12
2023-04-28T19:13:33.903566,crank,52853,213.2,91.9,54,12
2023-04-28T19:13:34.417672,wheel,19005,180.2,91.0,54,12
2023-04-28T19:13:34.902624,crank,52853,203.6,91.6,54,12
2023-04-28T19:13:34.917091,wheel,19005,171.5,91.0,54,12
2023-04-28T19:13:35.401798,crank,52853,197.2,91.6,54,12
2023-04-28T19:13:35.666129,wheel,19005,176.0,91.0,54,12
2023-04-28T19:13:36.150801,crank,52853,202.7,91.6,54,12
2023-04-28T19:13:36.415233,wheel,19005,178.6,91.0,54,12
2023-04-28T19:13:36.899929,crank,52853,191.8,92.5,54,12
2023-04-28T19:13:36.914504,wheel,19005,177.2,93.0,54,12
2023-04-28T19:13:37.413896,wheel,19005,174.2,93.0,54,12
2023-04-28T19:13:37.649140,crank,52853,186.9,91.8,54,12
2023-04-28T19:13:37.913222,wheel,19005,171.5,93.0,54,12
2023-04-28T19:13:38.397996,crank,52853,210.8,92.0,54,12
2023-04-28T19:13:38.912177,wheel,19005,194.7,93.0,54,12
2023-04-28T19:13:39.147097,crank,52853,227.9,91.3,54,12
2023-04-28T19:13:39.396993,crank,52853,244.9,91.7,54,12
2023-04-28T19:13:39.411410,wheel,19005,216.6,93.0,54,12
2023-04-28T19:13:39.910779,wheel,19005,202.6,91.0,54,12
2023-04-28T19:13:40.410120,wheel,19005,197.8,91.0,54,12
2023-04-28T19:13:40.645095,crank,52853,223.9,92.4,54,12
2023-04-28T19:13:41.394018,crank,52853,209.5,92.2,54,12
2023-04-28T19:13:41.908151,wheel,19005,179.0,91.0,54,12
2023-04-28T19:13:42.143207,crank,52853,197.0,92.7,54,12
2023-04-28T19:13:42.407515,wheel,19005,182.6,91.0,54,12
2023-04-28T19:13:42.892461,crank,52853,197.0,91.9,54,12
2023-04-28T19:13:42.907124,wheel,19005,202.3,91.0,54,12
2023-04-28T19:13:43.640910,crank,52853,211.3,91.8,54,12
2023-04-28T19:13:43.655923,wheel,19005,200.7,91.0,54,12
2023-04-28T19:13:43.890712,crank,52853,217.5,91.4,54,12
2023-04-28T19:13:44.404975,wheel,19005,205.1,90.0,54,12
2023-04-28T19:13:44.640046,crank,52853,212.6,91.6,54,12
2023-04-28T19:13:44.904355,wheel,19005,196.8,90.0,54,12
2023-04-28T19:13:45.403718,wheel,19005,193.3,90.0,54,12
2023-04-28T19:13:45.887743,crank,52853,208.7,92.1,54,12
2023-04-28T19:13:45.903031,wheel,19005,170.9,90.0,54,12
2023-04-28T19:13:46.636738,crank,52853,198.7,91.8,54,12
2023-04-28T19:13:47.385935,crank,52853,209.9,91.6,54,12
2023-04-28T19:13:47.900610,wheel,19005,191.3,90.0,54,12
2023-04-28T19:13:48.134751,crank,52853,205.9,91.8,54,12
2023-04-28T19:13:49.382955,crank,52853,201.4,91.4,54,12
2023-04-28T19:13:49.398613,wheel,19005,179.5,93.0,54,12
2023-04-28T19:13:49.882275,crank,52853,188.3,91.6,54,12
2023-04-28T19:13:50.147643,wheel,19005,172.5,93.0,54,12
2023-04-28T19:13:50.631274,crank,52853,171.1,92.4,54,12
2023-04-28T19:13:50.896868,wheel,19005,141.0,93.0,54,12
2023-04-28T19:13:51.380489,crank,52853,169.6,91.1,54,12
2023-04-28T19:13:52.378891,crank,52853,176.8,91.1,54,12
2023-04-28T19:13:52.394781,wheel,19005,164.4,93.0,54,12
2023-04-28T19:13:52.878230,crank,52853,185.2,91.4,54,12
2023-04-28T19:13:52.894162,wheel,19005,169.2,93.0,54,12
2023-04-28T19:13:53.393497,wheel,19005,171.8,93.0,54,12
2023-04-28T19:13:53.627414,crank,52853,187.9,91.4,54,12
2023-04-28T19:13:53.876826,crank,52853,193.2,91.0,54,12
2023-04-28T19:13:53.892867,wheel,19005,172.6,93.0,54,12
2023-04-28T19:13:54.891873,wheel,19005,196.6,93.0,54,12
2023-04-28T19:13:55.374875,crank,52853,213.0,91.4,54,12
2023-04-28T19:13:55.390995,wheel,19005,216.8,93.0,54,12
2023-04-28T19:13:55.874318,crank,52853,226.4,91.8,54,12
2023-04-28T19:13:55.890403,wheel,19005,185.3,93.0,54,12
2023-04-28T19:13:56.872739,crank,52853,223.0,90.8,54,12
2023-04-28T19:13:57.372029,crank,52853,217.0,92.0,54,12
2023-04-28T19:13:57.388443,wheel,19005,196.3,93.0,54,12
2023-04-28T19:13:58.870207,crank,52853,209.1,91.7,54,12
2023-04-28T19:13:59.119653,crank,52853,203.9,91.0,54,12
2023-04-28T19:13:59.618956,crank,52853,209.2,92.5,54,12
2023-04-28T19:13:59.635549,wheel,19005,192.4,93.0,54,12
2023-04-28T19:14:00.367929,crank,52853,213.4,90.8,54,12
2023-04-28T19:14:00.384597,wheel,19005,202.8,93.0,54,12
2023-04-28T19:14:01.117131,crank,52853,217.3,91.7,54,12
2023-04-28T19:14:01.133710,wheel,19005,200.3,93.0,54,12
2023-04-28T19:14:01.866320,crank,52853,197.5,90.1,54,12
2023-04-28T19:14:01.882775,wheel,19005,178.5,93.0,54,12
2023-04-28T19:14:02.614850,crank,52853,159.5,91.4,54,12
2023-04-28T19:14:03.131087,wheel,19005,120.2,92.0,54,12
2023-04-28T19:14:03.364070,crank,52853,139.7,92.4,54,12
2023-04-28T19:14:03.380861,wheel,19005,152.4,92.0,54,12
2023-04-28T19:14:03.880134,wheel,19005,168.8,92.0,54,12
2023-04-28T19:14:04.113294,crank,52853,163.8,90.3,54,12
2023-04-28T19:14:04.362488,crank,52853,177.7,90.2,54,12
2023-04-28T19:14:04.379516,wheel,19005,156.9,92.0,54,12
2023-04-28T19:14:05.111631,crank,52853,159.8,90.1,54,12
2023-04-28T19:14:05.378219,wheel,19005,123.1,92.0,54,12
2023-04-28T19:14:05.860592,crank,52853,150.7,91.6,54,12
2023-04-28T19:14:05.877689,wheel,19005,148.1,92.0,54,12
2023-04-28T19:14:06.377085,wheel,19005,153.9,92.0,54,12
2023-04-28T19:14:06.609406,crank,52853,154.8,90.3,54,12
2023-04-28T19:14:06.859218,crank,52853,204.7,92.1,54,12
2023-04-28T19:14:06.876379,wheel,19005,208.4,92.0,54,12
2023-04-28T19:14:07.875043,wheel,19005,218.1,92.0,54,12
2023-04-28T19:14:08.107730,crank,52853,235.4,88.5,54,12
2023-04-28T19:14:08.356982,crank,52853,205.8,91.0,54,12
2023-04-28T19:16:42.178693,wheel,19005,187.1,91.0,54,3
2023-04-28T19:16:42.664792,crank,52853,195.6,92.1,54,3
2023-04-28T19:16:42.677881,wheel,19005,190.9,90.0,54,3
2023-04-28T19:16:42.914386,crank,52853,195.9,90.5,54,3
2023-04-28T19:16:43.663506,crank,52853,204.0,91.0,54,3
2023-04-28T19:16:43.926236,wheel,19005,186.0,92.0,54,3
2023-04-28T19:16:44.175883,wheel,19005,181.4,92.0,54,3
2023-04-28T19:16:44.412674,crank,52853,206.3,90.8,54,3
2023-04-28T19:16:44.675222,wheel,19005,188.1,92.0,54,3
2023-04-28T19:16:44.911967,crank,52853,202.1,91.8,54,3
2023-04-28T19:16:45.174573,wheel,19005,191.1,92.0,54,3
2023-04-28T19:16:45.910657,crank,52853,195.2,92.3,54,3
2023-04-28T19:16:46.410008,crank,52853,198.3,92.5,54,3
2023-04-28T19:16:46.672735,wheel,19005,183.5,94.0,54,3
2023-04-28T19:16:47.159064,crank,52853,196.0,93.2,54,3
2023-04-28T19:16:47.172008,wheel,19005,177.1,94.0,54,3
2023-04-28T19:16:47.671402,wheel,19005,172.1,93.0,54,3
2023-04-28T19:16:47.908235,crank,52853,185.7,91.2,54,3
2023-04-28T19:16:48.157860,crank,52853,188.0,91.9,54,3
2023-04-28T19:16:48.170757,wheel,19005,169.2,93.0,54,3
2023-04-28T19:16:48.906902,crank,52853,180.6,90.8,54,3
2023-04-28T19:16:49.169616,wheel,19005,173.2,93.0,54,3
2023-04-28T19:16:49.656097,crank,52853,188.4,90.8,54,3
2023-04-28T19:16:49.668918,wheel,19005,175.0,92.0,54,3
2023-04-28T19:16:50.168212,wheel,19005,175.0,92.0,54,3
2023-04-28T19:16:50.667574,wheel,19005,180.0,92.0,54,3
2023-04-28T19:16:51.154088,crank,52853,201.6,90.7,54,3
2023-04-28T19:16:51.653488,crank,52853,222.0,93.3,54,3
2023-04-28T19:16:51.915988,wheel,19005,209.3,93.0,54,3
2023-04-28T19:16:52.166046,wheel,19005,205.8,93.0,54,3
2023-04-28T19:16:52.652335,crank,52853,203.0,93.4,54,3
2023-04-28T19:16:52.665089,wheel,19005,191.9,93.0,54,3
2023-04-28T19:16:53.151744,crank,52853,196.5,93.0,54,3
2023-04-28T19:16:53.164543,wheel,19005,185.8,93.0,54,3
2023-04-28T19:16:53.401412,crank,52853,199.2,92.5,54,3
2023-04-28T19:16:54.150358,crank,52853,202.1,93.0,54,3
2023-04-28T19:16:54.163128,wheel,19005,183.4,94.0,54,3
2023-04-28T19:16:54.649729,crank,52853,200.0,93.3,54,3
2023-04-28T19:16:54.662492,wheel,19005,182.0,94.0,54,3
2023-04-28T19:16:55.161871,wheel,19005,181.7,94.0,54,3
2023-04-28T19:16:55.648760,crank,52853,190.0,92.9,54,3
2023-04-28T19:16:55.661404,wheel,19005,181.7,94.0,54,3
2023-04-28T19:16:55.898190,crank,52853,190.1,93.0,54,3
2023-04-28T19:16:56.647254,crank,52853,202.6,93.2,54,3
2023-04-28T19:16:57.159337,wheel,19005,181.8,94.0,54,3
2023-04-28T19:16:57.396556,crank,52853,200.2,92.5,54,3
2023-04-28T19:16:57.658654,wheel,19005,182.0,93.0,54,3
2023-04-28T19:16:57.895790,crank,52853,200.8,93.7,54,3
2023-04-28T19:16:58.158024,wheel,19005,182.8,93.0,54,3
2023-04-28T19:16:58.645130,crank,52853,201.2,93.4,54,3
2023-04-28T19:16:58.657726,wheel,19005,183.3,95.0,54,3
2023-04-28T19:16:59.393852,crank,52853,194.1,94.0,54,3
2023-04-28T19:16:59.656195,wheel,19005,184.0,95.0,54,3
2023-04-28T19:17:00.142895,crank,52853,199.4,93.0,54,3
2023-04-28T19:17:00.155481,wheel,19005,184.6,95.0,54,3
2023-04-28T19:17:00.393014,crank,52853,204.4,94.1,54,3
2023-04-28T19:17:00.654850,wheel,19005,185.3,95.0,54,3
2023-04-28T19:17:01.141678,crank,52853,195.7,93.9,54,3
2023-04-28T19:17:01.154232,wheel,19005,185.3,95.0,54,3
2023-04-28T19:17:01.890726,crank,52853,190.9,93.8,54,3
2023-04-28T19:17:02.153048,wheel,19005,184.5,95.0,54,3
2023-04-28T19:17:02.390094,crank,52853,194.0,93.5,54,3
2023-04-28T19:17:02.652366,wheel,19005,183.9,94.0,54,3
2023-04-28T19:17:03.139199,crank,52853,198.6,93.5,54,3
2023-04-28T19:17:03.151698,wheel,19005,184.1,94.0,54,3
2023-04-28T19:17:03.651044,wheel,19005,183.9,95.0,54,3
2023-04-28T19:17:03.888410,crank,52853,199.4,93.4,54,3
2023-04-28T19:17:04.637309,crank,52853,199.7,94.0,54,3
2023-04-28T19:17:04.649753,wheel,19005,183.8,95.0,54,3
2023-04-28T19:17:04.887008,crank,52853,202.4,94.0,54,3
2023-04-28T19:17:05.398847,wheel,19005,184.3,95.0,54,3
2023-04-28T19:17:05.648575,wheel,19005,185.8,95.0,54,3
2023-04-28T19:17:06.135431,crank,52853,208.8,94.4,54,3
2023-04-28T19:17:06.147891,wheel,19005,189.8,95.0,54,3
2023-04-28T19:17:06.884443,crank,52853,209.3,95.0,54,3
2023-04-28T19:17:07.146605,wheel,19005,191.9,96.0,54,3
2023-04-28T19:17:07.633209,crank,52853,207.2,95.8,54,3
2023-04-28T19:17:07.895627,wheel,19005,192.2,95.0,54,3
2023-04-28T19:17:08.145668,wheel,19005,191.3,95.0,54,3
2023-04-28T19:17:08.382211,crank,52853,187.1,95.0,54,3
2023-04-28T19:17:08.644818,wheel,19005,189.5,96.0,54,3
2023-04-28T19:17:09.131300,crank,52853,192.1,94.8,54,3
2023-04-28T19:17:09.380844,crank,52853,189.0,94.5,54,3
2023-04-28T19:17:09.643428,wheel,19005,187.7,96.0,54,3
2023-04-28T19:17:10.129813,crank,52853,181.8,93.7,54,3
2023-04-28T19:17:10.142814,wheel,19005,186.8,96.0,54,3
2023-04-28T19:17:10.642152,wheel,19005,186.2,95.0,54,3
2023-04-28T19:17:10.878894,crank,52853,196.0,94.0,54,3
2023-04-28T19:17:11.141556,wheel,19005,185.3,95.0,54,3
2023-04-28T19:17:11.628249,crank,52853,203.8,93.8,54,3
2023-04-28T19:17:11.877432,crank,52853,211.6,94.8,54,3
2023-04-28T19:17:12.626389,crank,52853,207.9,94.8,54,3
2023-04-28T19:17:12.639696,wheel,19005,187.3,95.0,54,3
2023-04-28T19:17:13.125706,crank,52853,203.2,95.2,54,3
2023-04-28T19:17:13.874772,crank,52853,206.7,95.5,54,3
2023-04-28T19:17:14.137712,wheel,19005,193.7,95.0,54,3
2023-04-28T19:17:15.372636,crank,52853,193.3,95.4,54,3
2023-04-28T19:17:15.386083,wheel,19005,195.5,97.0,54,3
2023-04-28T19:17:16.121615,crank,52853,196.3,94.6,54,3
2023-04-28T19:17:16.135121,wheel,19005,189.4,96.0,54,3
2023-04-28T19:17:16.371827,crank,52853,196.2,95.5,54,3
2023-04-28T19:17:17.120243,crank,52853,186.9,94.9,54,3
2023-04-28T19:17:17.619625,crank,52853,197.8,95.3,54,3
2023-04-28T19:17:17.633297,wheel,19005,189.0,96.0,54,3
2023-04-28T19:17:18.368588,crank,52853,202.5,95.3,54,3
2023-04-28T19:17:18.382313,wheel,19005,188.9,95.0,54,3
2023-04-28T19:17:18.881645,wheel,19005,192.5,97.0,54,3
2023-04-28T19:17:19.117510,crank,52853,206.3,95.0,54,3
2023-04-28T19:17:19.381298,wheel,19005,202.5,97.0,54,3
2023-04-28T19:17:19.866632,crank,52853,217.0,96.4,54,3
2023-04-28T19:17:20.116154,crank,52853,209.2,96.3,54,3
2023-04-28T19:17:20.865190,crank,52853,204.4,96.7,54,3
2023-04-28T19:17:20.879127,wheel,19005,198.7,97.0,54,3
2023-04-28T19:17:21.364393,crank,52853,205.1,95.2,54,3
2023-04-28T19:17:21.378566,wheel,19005,192.8,97.0,54,3
2023-04-28T19:17:21.877853,wheel,19005,192.7,97.0,54,3
2023-04-28T19:17:22.113530,crank,52853,204.8,96.5,54,3
2023-04-28T19:17:22.862636,crank,52853,199.7,95.3,54,3
2023-04-28T19:17:23.376027,wheel,19005,192.1,96.0,54,3
2023-04-28T19:17:23.611395,crank,52853,204.6,97.2,54,3
2023-04-28T19:17:23.861022,crank,52853,218.7,94.7,54,3
2023-04-28T19:17:24.610166,crank,52853,242.2,96.0,54,3
2023-04-28T19:17:25.109406,crank,52853,242.7,98.0,54,3
2023-04-28T19:17:25.872971,wheel,19005,209.9,98.0,54,3
2023-04-28T19:17:26.107994,crank,52853,232.3,98.1,54,3
2023-04-28T19:17:26.357781,crank,52853,207.4,95.0,54,3
2023-04-28T19:17:26.621802,wheel,19005,183.2,99.0,54,3
2023-04-28T19:17:27.106712,crank,52853,182.6,95.5,54,3
2023-04-28T19:17:27.606309,crank,52853,178.8,93.6,54,3
2023-04-28T19:17:27.870214,wheel,19005,165.3,97.0,54,3
2023-04-28T19:17:28.119970,wheel,19005,166.0,94.0,54,3
2023-04-28T19:17:28.354883,crank,52853,191.3,94.5,54,3
2023-04-28T19:17:29.103849,crank,52853,185.6,91.6,54,3
2023-04-28T19:17:29.368535,wheel,19005,189.1,94.0,54,3
2023-04-28T19:17:29.852928,crank,52853,186.3,93.2,54,3
2023-04-28T19:17:29.867728,wheel,19005,184.1,94.0,54,3
2023-04-28T19:17:30.601990,crank,52853,195.1,91.4,54,3
2023-04-28T19:17:30.616814,wheel,19005,182.0,94.0,54,3
2023-04-28T19:17:30.851466,crank,52853,219.3,93.0,54,3
2023-04-28T19:17:30.866401,wheel,19005,201.5,94.0,54,3
2023-04-28T19:17:31.600528,crank,52853,219.0,93.6,54,3
2023-04-28T19:17:31.865132,wheel,19005,221.8,94.0,54,3
2023-04-28T19:17:32.099764,crank,52853,210.4,93.4,54,3
2023-04-28T19:17:32.364761,wheel,19005,214.2,94.0,54,3
2023-04-28T19:17:32.848871,crank,52853,207.6,92.6,54,3
2023-04-28T19:17:33.113538,wheel,19005,205.8,94.0,54,3
2023-04-28T19:17:33.363260,wheel,19005,201.1,93.0,54,3
2023-04-28T19:17:33.847439,crank,52853,200.3,91.4,54,3
2023-04-28T19:17:34.346674,crank,52853,188.0,91.5,54,3
2023-04-28T19:17:34.611668,wheel,19005,188.0,93.0,54,3
2023-04-28T19:17:34.861304,wheel,19005,178.9,93.0,54,3
2023-04-28T19:17:35.095713,crank,52853,186.0,90.5,54,3
2023-04-28T19:17:35.345508,crank,52853,193.3,89.8,54,3
2023-04-28T19:17:35.610396,wheel,19005,185.3,92.0,54,3
2023-04-28T19:17:35.860180,wheel,19005,185.5,92.0,54,3
2023-04-28T19:17:36.094300,crank,52853,186.7,89.6,54,3
2023-04-28T19:17:36.858755,wheel,19005,173.0,91.0,54,3
2023-04-28T19:17:37.342617,crank,52853,173.2,88.8,54,3
2023-04-28T19:17:37.358148,wheel,19005,172.1,90.0,54,3
2023-04-28T19:17:37.592386,crank,52853,176.2,87.4,54,3
2023-04-28T19:17:37.857492,wheel,19005,176.5,90.0,54,3
2023-04-28T19:17:38.091719,crank,52853,184.0,87.0,54,3
2023-04-28T19:17:38.356864,wheel,19005,179.2,88.0,54,3
2023-04-28T19:17:39.090404,crank,52853,188.8,87.3,54,3
2023-04-28T19:17:39.355624,wheel,19005,180.4,88.0,54,3
2023-04-28T19:17:39.589762,crank,52853,204.5,86.7,54,3
2023-04-28T19:17:39.854944,wheel,19005,181.4,88.0,54,3
2023-04-28T19:17:40.338856,crank,52853,205.1,87.6,54,3
2023-04-28T19:17:40.354301,wheel,19005,182.8,89.0,54,3
2023-04-28T19:17:40.853683,wheel,19005,183.1,89.0,54,3
2023-04-28T19:17:41.852649,wheel,19005,183.1,89.0,54,3
2023-04-28T19:17:42.086670,crank,52853,196.3,87.8,54,3
2023-04-28T19:17:42.336461,crank,52853,192.7,88.3,54,3
2023-04-28T19:17:42.351838,wheel,19005,183.2,89.0,54,3
2023-04-28T19:17:42.851195,wheel,19005,183.1,89.0,54,3
2023-04-28T19:17:43.085501,crank,52853,198.6,87.1,54,3
2023-04-28T19:17:43.350475,wheel,19005,183.6,88.0,54,3
2023-04-28T19:17:43.585215,crank,52853,208.7,87.7,54,3
2023-04-28T19:17:44.333850,crank,52853,204.2,89.9,54,3
2023-04-28T19:17:44.349217,wheel,19005,184.8,89.0,54,3
2023-04-28T19:17:44.848817,wheel,19005,188.9,89.0,54,3
2023-04-28T19:17:45.082941,crank,52853,212.5,89.7,54,3
2023-04-28T19:17:45.348063,wheel,19005,201.5,91.0,54,3
2023-04-28T19:17:45.847384,wheel,19005,210.1,91.0,54,3
2023-04-28T19:17:46.081668,crank,52853,214.5,90.5,54,3
2023-04-28T19:17:46.581530,crank,52853,204.4,90.0,54,3
2023-04-28T19:17:46.846062,wheel,19005,200.0,91.0,54,3
2023-04-28T19:17:47.330130,crank,52853,205.5,89.7,54,3
2023-04-28T19:17:47.345419,wheel,19005,194.1,91.0,54,3
2023-04-28T19:17:47.579876,crank,52853,195.8,90.1,54,3
2023-04-28T19:17:47.844798,wheel,19005,191.6,91.0,54,3
2023-04-28T19:17:48.329026,crank,52853,192.4,89.8,54,3
2023-04-28T19:17:48.344348,wheel,19005,191.3,90.0,54,3
2023-04-28T19:17:49.077936,crank,52853,185.7,89.5,54,3
2023-04-28T19:17:49.342895,wheel,19005,176.3,90.0,54,3
2023-04-28T19:17:49.577799,crank,52853,177.4,88.3,54,3
2023-04-28T19:17:49.842237,wheel,19005,162.9,90.0,54,3
2023-04-28T19:17:50.326381,crank,52853,181.0,88.1,54,3
2023-04-28T19:17:50.341608,wheel,19005,166.9,90.0,54,3
2023-04-28T19:17:50.840952,wheel,19005,176.1,90.0,54,3
2023-04-28T19:17:51.325649,crank,52853,183.1,88.7,54,3
2023-04-28T19:17:51.824670,crank,52853,204.9,88.0,54,3
2023-04-28T19:17:51.839783,wheel,19005,183.6,90.0,54,3
2023-04-28T19:17:52.339121,wheel,19005,195.9,90.0,54,3
2023-04-28T19:17:52.573699,crank,52853,221.5,89.8,54,3
2023-04-28T19:17:52.838439,wheel,19005,199.9,90.0,54,3
2023-04-28T19:17:53.322652,crank,52853,211.6,89.3,54,3
2023-04-28T19:17:53.337760,wheel,19005,194.3,90.0,54,3
2023-04-28T19:17:54.071733,crank,52853,207.3,89.4,54,3
2023-04-28T19:17:54.321916,crank,52853,206.1,90.0,54,3
2023-04-28T19:17:54.835956,wheel,19005,190.2,91.0,54,3
2023-04-28T19:17:55.335302,wheel,19005,191.9,91.0,54,3
2023-04-28T19:17:55.569846,crank,52853,207.7,88.8,54,3
2023-04-28T19:17:55.834608,wheel,19005,192.7,91.0,54,3
2023-04-28T19:17:56.318925,crank,52853,205.8,90.0,54,3
2023-04-28T19:17:56.333965,wheel,19005,193.1,91.0,54,3
2023-04-28T19:17:57.317752,crank,52853,182.2,89.5,54,3
2023-04-28T19:17:57.332711,wheel,19005,180.8,90.0,54,3
2023-04-28T19:17:57.832312,wheel,19005,177.7,90.0,54,3
2023-04-28T19:17:58.066739,crank,52853,196.6,88.8,54,3
2023-04-28T19:17:58.331500,wheel,19005,187.4,89.0,54,3
2023-04-28T19:17:58.815839,crank,52853,206.0,88.4,54,3
2023-04-28T19:17:59.065724,crank,52853,185.5,90.7,54,3
2023-04-28T19:17:59.080539,wheel,19005,185.8,89.0,54,3
2023-04-28T19:17:59.814585,crank,52853,178.7,88.2,54,3
2023-04-28T19:17:59.829509,wheel,19005,174.9,90.0,54,3
2023-04-28T19:18:00.328883,wheel,19005,179.9,90.0,54,3
2023-04-28T19:18:00.563642,crank,52853,205.4,88.9,54,3
2023-04-28T19:18:00.828401,wheel,19005,187.2,90.0,54,3
2023-04-28T19:18:01.063027,crank,52853,212.0,89.5,54,3
2023-04-28T19:18:01.327699,wheel,19005,196.5,90.0,54,3
2023-04-28T19:18:01.812156,crank,52853,211.2,90.3,54,3
2023-04-28T19:18:02.326343,wheel,19005,200.1,91.0,54,3
2023-04-28T19:18:02.561588,crank,52853,212.1,90.3,54,3
2023-04-28T19:18:02.825722,wheel,19005,194.2,91.0,54,3
2023-04-28T19:18:03.310249,crank,52853,227.9,89.3,54,3
2023-04-28T19:18:03.325080,wheel,19005,199.4,91.0,54,3
2023-04-28T19:18:03.824425,wheel,19005,203.4,90.0,54,3
2023-04-28T19:18:04.059290,crank,52853,228.0,91.0,54,3
2023-04-28T19:18:04.808454,crank,52853,208.8,91.2,54,3
2023-04-28T19:18:05.072857,wheel,19005,196.9,92.0,54,3
2023-04-28T19:18:05.322559,wheel,19005,193.0,92.0,54,3
2023-04-28T19:18:05.557884,crank,52853,205.2,90.3,54,3
2023-04-28T19:18:05.807192,crank,52853,196.8,90.2,54,3
2023-04-28T19:18:06.321279,wheel,19005,189.6,92.0,54,3
2023-04-28T19:18:06.556261,crank,52853,179.3,87.3,54,3
2023-04-28T19:18:06.820659,wheel,19005,171.0,91.0,54,3
2023-04-28T19:18:07.055543,crank,52853,184.3,90.5,54,3
2023-04-28T19:18:07.804747,crank,52853,191.4,88.5,54,3
2023-04-28T19:18:07.819413,wheel,19005,172.7,90.0,54,3
2023-04-28T19:18:08.318791,wheel,19005,191.1,90.0,54,3
2023-04-28T19:18:08.553649,crank,52853,203.4,89.6,54,3
2023-04-28T19:18:08.818064,wheel,19005,193.8,89.0,54,3
2023-04-28T19:18:09.317461,wheel,19005,190.0,89.0,54,3
2023-04-28T19:18:09.552535,crank,52853,193.0,88.0,54,3
2023-04-28T19:18:10.051785,crank,52853,204.1,89.1,54,3
2023-04-28T19:18:10.316470,wheel,19005,187.6,90.0,54,3
2023-04-28T19:18:10.801016,crank,52853,208.9,88.9,54,3
2023-04-28T19:18:10.815605,wheel,19005,187.8,90.0,54,3
2023-04-28T19:18:11.314995,wheel,19005,187.9,90.0,54,3
2023-04-28T19:18:11.549962,crank,52853,203.2,89.5,54,3
2023-04-28T19:18:11.814272,wheel,19005,194.3,91.0,54,3
2023-04-28T19:18:12.548839,crank,52853,206.6,89.8,54,3
2023-04-28T19:18:12.812996,wheel,19005,191.6,91.0,54,3
2023-04-28T19:18:13.312365,wheel,19005,179.8,91.0,54,3
2023-04-28T19:18:13.547425,crank,52853,188.9,89.8,54,3
2023-04-28T19:18:13.812021,wheel,19005,180.0,90.0,54,3
2023-04-28T19:18:14.046924,crank,52853,204.1,89.5,54,3
2023-04-28T19:18:14.311141,wheel,19005,185.9,90.0,54,3
2023-04-28T19:18:14.795904,crank,52853,207.2,89.7,54,3
2023-04-28T19:18:15.545101,crank,52853,196.3,90.3,54,3
2023-04-28T19:18:15.559580,wheel,19005,188.7,91.0,54,3
2023-04-28T19:18:15.794629,crank,52853,189.2,89.5,54,3
2023-04-28T19:18:15.809181,wheel,19005,189.0,91.0,54,3
2023-04-28T19:18:16.308548,wheel,19005,187.8,91.0,54,3
2023-04-28T19:18:16.543733,crank,52853,188.3,88.7,54,3
2023-04-28T19:18:16.808328,wheel,19005,188.2,90.0,54,3
2023-04-28T19:18:17.292939,crank,52853,195.4,88.7,54,3
2023-04-28T19:18:17.806793,wheel,19005,186.8,90.0,54,3
2023-04-28T19:18:18.306022,wheel,19005,187.0,90.0,54,3
2023-04-28T19:18:18.541436,crank,52853,201.6,89.0,54,3
2023-04-28T19:18:18.805389,wheel,19005,187.1,89.0,54,3
2023-04-28T19:18:19.290312,crank,52853,201.3,88.7,54,3
2023-04-28T19:18:19.304725,wheel,19005,187.2,89.0,54,3
2023-04-28T19:18:20.039364,crank,52853,201.9,89.3,54,3
2023-04-28T19:18:20.303504,wheel,19005,187.6,90.0,54,3
2023-04-28T19:18:20.788504,crank,52853,204.6,89.3,54,3
2023-04-28T19:18:21.052530,wheel,19005,188.6,90.0,54,3
2023-04-28T19:18:21.302172,wheel,19005,190.0,90.0,54,3
2023-04-28T19:18:21.537896,crank,52853,213.3,89.3,54,3
2023-04-28T19:18:21.801589,wheel,19005,192.1,91.0,54,3
2023-04-28T19:18:22.286624,crank,52853,214.3,90.8,54,3
2023-04-28T19:18:22.800384,wheel,19005,191.1,91.0,54,3
2023-04-28T19:18:23.285449,crank,52853,185.2,89.4,54,3
2023-04-28T19:18:23.549343,wheel,19005,185.0,91.0,54,3
2023-04-28T19:18:23.799061,wheel,19005,176.7,89.0,54,3
2023-04-28T19:18:24.034384,crank,52853,174.3,88.0,54,3
2023-04-28T19:18:24.298391,wheel,19005,166.9,89.0,54,3
2023-04-28T19:18:24.534240,crank,52853,172.1,86.9,54,3
2023-04-28T19:18:26.031878,crank,52853,193.8,86.7,54,3
2023-04-28T19:18:26.046151,wheel,19005,169.2,88.0,54,3
2023-04-28T19:18:26.296070,wheel,19005,178.6,88.0,54,3
2023-04-28T19:18:26.781136,crank,52853,201.3,87.5,54,3
2023-04-28T19:18:26.795267,wheel,19005,180.8,88.0,54,3
2023-04-28T19:18:27.294565,wheel,19005,182.3,88.0,54,3
2023-04-28T19:18:28.293282,wheel,19005,184.7,89.0,54,3
2023-04-28T19:18:28.528868,crank,52853,204.3,88.0,54,3
2023-04-28T19:18:28.778454,crank,52853,199.0,89.2,54,3
2023-04-28T19:18:28.792651,wheel,19005,185.1,88.0,54,3
2023-04-28T19:18:29.292279,wheel,19005,184.3,88.0,54,3
2023-04-28T19:18:29.527563,crank,52853,181.6,87.5,54,3
2023-04-28T19:18:29.791472,wheel,19005,182.9,89.0,54,3
2023-04-28T19:18:30.026918,crank,52853,186.9,87.2,54,3
2023-04-28T19:18:30.775963,crank,52853,179.5,86.5,54,3
2023-04-28T19:18:30.790090,wheel,19005,181.0,88.0,54,3
2023-04-28T19:18:31.289471,wheel,19005,168.9,88.0,54,3
2023-04-28T19:18:31.774731,crank,52853,175.3,85.7,54,3
2023-04-28T19:18:31.788824,wheel,19005,161.6,87.0,54,3
2023-04-28T19:18:32.288335,wheel,19005,161.0,87.0,54,3
2023-04-28T19:18:32.523786,crank,52853,185.0,85.5,54,3
2023-04-28T19:18:33.023209,crank,52853,201.3,85.7,54,3
2023-04-28T19:18:33.286991,wheel,19005,177.7,87.0,54,3
2023-04-28T19:18:33.772240,crank,52853,212.5,87.5,54,3
2023-04-28T19:18:33.786299,wheel,19005,195.0,87.0,54,3
2023-04-28T19:18:34.285663,wheel,19005,190.9,87.0,54,3
2023-04-28T19:18:34.521525,crank,52853,207.7,87.6,54,3
2023-04-28T19:18:34.785032,wheel,19005,187.2,89.0,54,3
2023-04-28T19:18:35.270386,crank,52853,199.2,88.1,54,3
2023-04-28T19:18:35.783938,wheel,19005,184.4,89.0,54,3
2023-04-28T19:18:36.019483,crank,52853,187.1,87.7,54,3
2023-04-28T19:18:36.269413,crank,52853,188.5,87.1,54,3
2023-04-28T19:18:36.283217,wheel,19005,183.2,89.0,54,3
2023-04-28T19:18:36.782577,wheel,19005,181.8,89.0,54,3
2023-04-28T19:18:37.281849,wheel,19005,182.2,88.0,54,3
2023-04-28T19:18:37.767268,crank,52853,203.7,87.6,54,3
2023-04-28T19:18:38.266631,crank,52853,221.8,89.2,54,3
2023-04-28T19:18:38.280576,wheel,19005,194.7,89.0,54,3
2023-04-28T19:18:38.779938,wheel,19005,199.6,89.0,54,3
2023-04-28T19:18:39.015733,crank,52853,213.3,89.3,54,3
2023-04-28T19:18:39.529015,wheel,19005,194.2,89.0,54,3
2023-04-28T19:18:39.765005,crank,52853,201.7,90.3,54,3
2023-04-28T19:18:39.778748,wheel,19005,192.6,89.0,54,3
2023-04-28T19:18:40.514308,crank,52853,196.4,89.6,54,3
2023-04-28T19:18:40.777429,wheel,19005,191.2,91.0,54,3
2023-04-28T19:18:41.262927,crank,52853,203.3,90.3,54,3
2023-04-28T19:18:41.276745,wheel,19005,191.0,91.0,54,3
2023-04-28T19:18:42.011967,crank,52853,196.9,89.8,54,3
2023-04-28T19:18:42.025810,wheel,19005,191.0,91.0,54,3
2023-04-28T19:18:42.262149,crank,52853,197.8,90.6,54,3
2023-04-28T19:18:42.275683,wheel,19005,190.1,91.0,54,3
2023-04-28T19:18:43.010738,crank,52853,198.8,89.9,54,3
2023-04-28T19:18:43.274403,wheel,19005,190.3,91.0,54,3
2023-04-28T19:18:43.773597,wheel,19005,191.3,91.0,54,3
2023-04-28T19:18:44.009722,crank,52853,206.7,90.6,54,3
2023-04-28T19:18:44.272962,wheel,19005,191.8,91.0,54,3
2023-04-28T19:18:44.758523,crank,52853,206.8,90.3,54,3
2023-04-28T19:18:44.772293,wheel,19005,192.9,91.0,54,3
2023-04-28T19:18:45.258336,crank,52853,208.2,90.9,54,3
2023-04-28T19:18:45.771110,wheel,19005,194.1,92.0,54,3
2023-04-28T19:18:46.007006,crank,52853,201.2,91.8,54,3
2023-04-28T19:18:46.256779,crank,52853,197.5,90.9,54,3
2023-04-28T19:18:46.270475,wheel,19005,193.8,92.0,54,3
2023-04-28T19:18:46.769754,wheel,19005,194.1,92.0,54,3
2023-04-28T19:18:47.006219,crank,52853,210.1,91.0,54,3
2023-04-28T19:18:47.269130,wheel,19005,195.0,92.0,54,3
2023-04-28T19:18:47.754819,crank,52853,209.9,91.6,54,3
2023-04-28T19:18:48.254549,crank,52853,211.4,91.9,54,3
2023-04-28T19:18:48.267973,wheel,19005,195.5,93.0,54,3
2023-04-28T19:18:48.767340,wheel,19005,196.1,93.0,54,3
2023-04-28T19:18:49.003276,crank,52853,219.0,91.3,54,3
2023-04-28T19:18:49.266678,wheel,19005,197.1,92.0,54,3
2023-04-28T19:18:49.765959,wheel,19005,198.0,92.0,54,3
2023-04-28T19:18:50.002456,crank,52853,222.8,91.8,54,3
2023-04-28T19:18:50.501626,crank,52853,208.8,92.7,54,3
2023-04-28T19:18:50.764693,wheel,19005,198.3,93.0,54,3
2023-04-28T19:18:51.250485,crank,52853,200.4,92.2,54,3
2023-04-28T19:18:51.264048,wheel,19005,197.3,93.0,54,3
2023-04-28T19:18:51.763416,wheel,19005,196.2,93.0,54,3
2023-04-28T19:18:52.249204,crank,52853,191.9,91.0,54,3
2023-04-28T19:18:52.262838,wheel,19005,194.5,92.0,54,3
2023-04-28T19:18:52.998296,crank,52853,206.5,89.8,54,3
2023-04-28T19:18:53.261689,wheel,19005,191.8,92.0,54,3
2023-04-28T19:18:53.747338,crank,52853,185.2,88.0,54,3
2023-04-28T19:18:53.760869,wheel,19005,182.0,92.0,54,3
2023-04-28T19:21:37.539315,crank,52853,239.5,89.7,40,10
2023-04-28T19:21:38.051945,wheel,19005,224.9,87.0,40,10
2023-04-28T19:21:38.288255,crank,52853,227.3,87.0,40,10
2023-04-28T19:21:39.037245,crank,52853,215.5,91.0,40,10
2023-04-28T19:21:39.050553,wheel,19005,200.9,88.0,40,10
2023-04-28T19:21:39.549928,wheel,19005,198.0,89.0,40,10
2023-04-28T19:21:39.786540,crank,52853,194.4,90.7,40,10
2023-04-28T19:21:40.049295,wheel,19005,198.1,89.0,40,10
2023-04-28T19:21:40.535357,crank,52853,196.9,89.8,40,10
2023-04-28T19:21:40.548650,wheel,19005,187.4,89.0,40,10
2023-04-28T19:21:41.035109,crank,52853,191.5,89.8,40,10
2023-04-28T19:21:41.547464,wheel,19005,165.6,89.0,40,10
2023-04-28T19:21:41.783853,crank,52853,189.9,88.6,40,10
2023-04-28T19:21:42.046737,wheel,19005,177.0,89.0,40,10
2023-04-28T19:21:42.532915,crank,52853,205.2,89.6,40,10
2023-04-28T19:21:42.546108,wheel,19005,188.1,88.0,40,10
2023-04-28T19:21:43.045450,wheel,19005,200.2,88.0,40,10
2023-04-28T19:21:43.281935,crank,52853,210.3,89.5,40,10
2023-04-28T19:21:44.031259,crank,52853,203.7,89.3,40,10
2023-04-28T19:21:44.044270,wheel,19005,186.3,89.0,40,10
2023-04-28T19:21:44.543664,wheel,19005,186.2,89.0,40,10
2023-04-28T19:21:44.780082,crank,52853,197.7,89.8,40,10
2023-04-28T19:21:45.029776,crank,52853,189.7,90.2,40,10
2023-04-28T19:21:45.042949,wheel,19005,176.2,89.0,40,10
2023-04-28T19:21:45.542267,wheel,19005,182.2,89.0,40,10
2023-04-28T19:21:46.528366,crank,52853,184.3,89.7,40,10
2023-04-28T19:21:46.790700,wheel,19005,180.7,89.0,40,10
2023-04-28T19:21:47.027492,crank,52853,180.5,89.6,40,10
2023-04-28T19:21:47.040461,wheel,19005,179.3,89.0,40,10
2023-04-28T19:21:47.776429,crank,52853,186.2,88.9,40,10
2023-04-28T19:21:47.789439,wheel,19005,177.4,89.0,40,10
2023-04-28T19:21:48.039104,wheel,19005,176.9,88.0,40,10
2023-04-28T19:21:48.525411,crank,52853,188.9,88.5,40,10
2023-04-28T19:21:49.037838,wheel,19005,168.5,88.0,40,10
2023-04-28T19:21:49.537442,wheel,19005,165.6,88.0,40,10
2023-04-28T19:21:49.773875,crank,52853,195.1,89.2,40,10
2023-04-28T19:21:50.286257,wheel,19005,180.6,88.0,40,10
2023-04-28T19:21:50.535917,wheel,19005,202.4,88.0,40,10
2023-04-28T19:21:51.022317,crank,52853,222.0,89.5,40,10
2023-04-28T19:21:51.534647,wheel,19005,213.5,89.0,40,10
2023-04-28T19:21:51.771387,crank,52853,216.0,90.4,40,10
2023-04-28T19:21:52.034073,wheel,19005,191.7,89.0,40,10
2023-04-28T19:21:52.520612,crank,52853,200.6,89.5,40,10
2023-04-28T19:21:52.533465,wheel,19005,199.2,89.0,40,10
2023-04-28T19:21:53.032849,wheel,19005,182.2,88.0,40,10
2023-04-28T19:21:53.269498,crank,52853,198.9,89.5,40,10
2023-04-28T19:21:54.018584,crank,52853,195.0,89.8,40,10
2023-04-28T19:21:54.031452,wheel,19005,175.9,89.0,40,10
2023-04-28T19:21:54.530844,wheel,19005,176.3,89.0,40,10
2023-04-28T19:21:54.767690,crank,52853,191.8,89.5,40,10
2023-04-28T19:21:55.030462,wheel,19005,171.5,89.0,40,10
2023-04-28T19:21:55.516942,crank,52853,190.3,90.0,40,10
2023-04-28T19:21:55.529695,wheel,19005,163.3,89.0,40,10
2023-04-28T19:21:55.766417,crank,52853,189.4,89.2,40,10
2023-04-28T19:21:56.528288,wheel,19005,169.2,89.0,40,10
2023-04-28T19:21:57.014834,crank,52853,190.5,89.9,40,10
2023-04-28T19:21:57.027647,wheel,19005,171.0,89.0,40,10
2023-04-28T19:21:57.527043,wheel,19005,181.2,89.0,40,10
2023-04-28T19:21:57.763890,crank,52853,196.2,89.9,40,10
2023-04-28T19:21:58.026600,wheel,19005,200.1,88.0,40,10
2023-04-28T19:21:58.513100,crank,52853,218.2,89.5,40,10
2023-04-28T19:21:59.025141,wheel,19005,202.6,89.0,40,10
2023-04-28T19:21:59.262565,crank,52853,225.2,91.6,40,10
2023-04-28T19:21:59.524493,wheel,19005,202.4,89.0,40,10
2023-04-28T19:22:00.011122,crank,52853,239.9,88.8,40,10
2023-04-28T19:22:00.023834,wheel,19005,240.4,90.0,40,10
2023-04-28T19:22:00.523288,wheel,19005,191.5,90.0,40,10
2023-04-28T19:22:00.760167,crank,52853,232.2,91.0,40,10
2023-04-28T19:22:01.010059,crank,52853,195.8,91.0,40,10
2023-04-28T19:22:01.522048,wheel,19005,175.9,90.0,40,10
2023-04-28T19:22:01.758930,crank,52853,199.1,91.2,40,10
2023-04-28T19:22:02.021296,wheel,19005,173.0,90.0,40,10
2023-04-28T19:22:02.507986,crank,52853,197.2,90.8,40,10
2023-04-28T19:22:02.520675,wheel,19005,175.2,90.0,40,10
2023-04-28T19:22:03.020045,wheel,19005,191.5,89.0,40,10
2023-04-28T19:22:03.257050,crank,52853,207.0,90.8,40,10
2023-04-28T19:22:03.756437,crank,52853,191.5,91.0,40,10
2023-04-28T19:22:04.018880,wheel,19005,169.0,90.0,40,10
2023-04-28T19:22:04.518158,wheel,19005,162.6,90.0,40,10
2023-04-28T19:22:04.755659,crank,52853,174.8,90.5,40,10
2023-04-28T19:22:05.004877,crank,52853,180.7,90.0,40,10
2023-04-28T19:22:05.017472,wheel,19005,169.8,90.0,40,10
2023-04-28T19:22:05.516841,wheel,19005,170.3,90.0,40,10
2023-04-28T19:22:05.754223,crank,52853,177.2,89.5,40,10
2023-04-28T19:22:06.503431,crank,52853,180.8,89.7,40,10
2023-04-28T19:22:06.515715,wheel,19005,177.0,89.0,40,10
2023-04-28T19:22:07.002482,crank,52853,183.6,88.9,40,10
2023-04-28T19:22:07.015068,wheel,19005,172.7,89.0,40,10
2023-04-28T19:22:07.514314,wheel,19005,171.6,89.0,40,10
2023-04-28T19:22:07.751944,crank,52853,186.2,89.3,40,10
2023-04-28T19:22:08.013671,wheel,19005,169.1,88.0,40,10
2023-04-28T19:22:08.500506,crank,52853,190.5,89.3,40,10
2023-04-28T19:22:09.499497,crank,52853,196.0,89.0,40,10
2023-04-28T19:22:09.511834,wheel,19005,166.7,89.0,40,10
2023-04-28T19:22:09.998859,crank,52853,196.5,89.2,40,10
2023-04-28T19:22:10.011221,wheel,19005,171.2,89.0,40,10
2023-04-28T19:22:10.510476,wheel,19005,171.6,89.0,40,10
2023-04-28T19:22:10.748188,crank,52853,192.4,89.4,40,10
2023-04-28T19:22:10.997418,crank,52853,194.9,89.3,40,10
2023-04-28T19:22:11.009866,wheel,19005,172.5,89.0,40,10
2023-04-28T19:22:11.746511,crank,52853,197.0,89.0,40,10
2023-04-28T19:22:12.008727,wheel,19005,177.0,89.0,40,10
2023-04-28T19:22:12.495785,crank,52853,204.6,89.7,40,10
2023-04-28T19:22:12.508052,wheel,19005,187.1,89.0,40,10
2023-04-28T19:22:12.995117,crank,52853,218.0,89.0,40,10
2023-04-28T19:22:13.007430,wheel,19005,204.0,88.0,40,10
2023-04-28T19:22:13.506675,wheel,19005,211.1,88.0,40,10
2023-04-28T19:22:13.744299,crank,52853,224.1,90.1,40,10
2023-04-28T19:22:14.493063,crank,52853,215.9,90.0,40,10
2023-04-28T19:22:14.505408,wheel,19005,199.5,89.0,40,10
2023-04-28T19:22:15.004963,wheel,19005,168.6,89.0,40,10
2023-04-28T19:22:15.242159,crank,52853,204.7,90.2,40,10
2023-04-28T19:22:15.504227,wheel,19005,162.2,89.0,40,10
2023-04-28T19:22:15.991183,crank,52853,187.4,89.9,40,10
2023-04-28T19:22:16.003495,wheel,19005,167.5,89.0,40,10
2023-04-28T19:22:16.740488,crank,52853,181.7,90.2,40,10
2023-04-28T19:22:17.002242,wheel,19005,169.1,89.0,40,10
2023-04-28T19:22:17.489292,crank,52853,188.9,89.8,40,10
2023-04-28T19:22:17.501601,wheel,19005,181.8,89.0,40,10
2023-04-28T19:22:17.739037,crank,52853,197.1,89.5,40,10
2023-04-28T19:22:18.001073,wheel,19005,171.7,89.0,40,10
2023-04-28T19:22:18.488302,crank,52853,198.2,88.8,40,10
2023-04-28T19:22:18.500378,wheel,19005,181.2,88.0,40,10
2023-04-28T19:22:19.237563,crank,52853,199.2,89.6,40,10
2023-04-28T19:22:19.499050,wheel,19005,185.8,89.0,40,10
2023-04-28T19:22:19.736761,crank,52853,190.0,89.9,40,10
2023-04-28T19:22:19.998391,wheel,19005,174.2,89.0,40,10
2023-04-28T19:22:20.498034,wheel,19005,174.0,89.0,40,10
2023-04-28T19:22:20.735266,crank,52853,194.0,89.3,40,10
2023-04-28T19:22:20.997213,wheel,19005,182.6,89.0,40,10
2023-04-28T19:22:21.484566,crank,52853,205.0,89.9,40,10
2023-04-28T19:22:22.233597,crank,52853,204.4,90.0,40,10
2023-04-28T19:22:22.245631,wheel,19005,177.2,89.0,40,10
2023-04-28T19:22:22.495239,wheel,19005,176.4,89.0,40,10
2023-04-28T19:22:22.982469,crank,52853,196.6,90.1,40,10
2023-04-28T19:22:23.232167,crank,52853,190.1,89.1,40,10
2023-04-28T19:22:23.244284,wheel,19005,178.5,89.0,40,10
2023-04-28T19:22:23.494137,wheel,19005,186.8,88.0,40,10
2023-04-28T19:22:23.731584,crank,52853,201.5,90.3,40,10
2023-04-28T19:22:24.730767,crank,52853,199.3,89.3,40,10
2023-04-28T19:22:24.992055,wheel,19005,183.3,89.0,40,10
2023-04-28T19:22:25.229918,crank,52853,200.2,90.1,40,10
2023-04-28T19:22:25.491403,wheel,19005,180.9,89.0,40,10
2023-04-28T19:22:25.990778,wheel,19005,180.8,89.0,40,10
2023-04-28T19:22:26.228465,crank,52853,194.3,89.8,40,10
2023-04-28T19:22:26.490248,wheel,19005,180.1,89.0,40,10
2023-04-28T19:22:26.727821,crank,52853,194.5,89.1,40,10
2023-04-28T19:22:27.476858,crank,52853,214.2,88.9,40,10
2023-04-28T19:22:27.488872,wheel,19005,192.2,89.0,40,10
2023-04-28T19:22:27.726868,crank,52853,219.0,90.5,40,10
2023-04-28T19:22:27.988217,wheel,19005,189.2,89.0,40,10
2023-04-28T19:22:28.475644,crank,52853,210.4,89.6,40,10
2023-04-28T19:22:28.487580,wheel,19005,201.1,88.0,40,10
2023-04-28T19:22:29.224691,crank,52853,210.8,90.1,40,10
2023-04-28T19:22:29.236633,wheel,19005,193.3,88.0,40,10
2023-04-28T19:22:29.724065,crank,52853,204.2,90.7,40,10
2023-04-28T19:22:29.985704,wheel,19005,191.2,89.0,40,10
2023-04-28T19:22:30.473129,crank,52853,207.9,89.6,40,10
2023-04-28T19:22:30.485049,wheel,19005,191.7,89.0,40,10
2023-04-28T19:22:30.984462,wheel,19005,187.5,89.0,40,10
2023-04-28T19:22:31.222219,crank,52853,205.6,90.2,40,10
2023-04-28T19:22:31.483851,wheel,19005,186.1,90.0,40,10
2023-04-28T19:22:32.220948,crank,52853,198.8,90.3,40,10
2023-04-28T19:22:32.482613,wheel,19005,183.7,90.0,40,10
2023-04-28T19:22:32.720356,crank,52853,200.2,89.7,40,10
2023-04-28T19:22:32.981861,wheel,19005,172.0,90.0,40,10
2023-04-28T19:22:33.469435,crank,52853,194.1,91.0,40,10
2023-04-28T19:22:33.481219,wheel,19005,172.5,88.0,40,10
2023-04-28T19:22:33.719323,crank,52853,185.4,90.2,40,10
2023-04-28T19:22:33.980591,wheel,19005,171.7,88.0,40,10
2023-04-28T19:22:34.468607,crank,52853,183.4,90.1,40,10
2023-04-28T19:22:34.979405,wheel,19005,158.9,89.0,40,10
2023-04-28T19:22:35.217238,crank,52853,171.4,90.6,40,10
2023-04-28T19:22:35.478720,wheel,19005,160.9,89.0,40,10
2023-04-28T19:22:35.978070,wheel,19005,191.9,89.0,40,10
2023-04-28T19:22:36.216217,crank,52853,180.5,89.6,40,10
2023-04-28T19:22:36.477434,wheel,19005,202.2,89.0,40,10
2023-04-28T19:22:36.715568,crank,52853,213.5,87.6,40,10
2023-04-28T19:22:37.464845,crank,52853,213.1,93.0,40,10
2023-04-28T19:22:37.476253,wheel,19005,193.0,89.0,40,10
2023-04-28T19:22:37.714128,crank,52853,193.6,89.1,40,10
2023-04-28T19:22:38.225227,wheel,19005,184.4,89.0,40,10
2023-04-28T19:22:38.463167,crank,52853,199.9,90.0,40,10
2023-04-28T19:22:38.474882,wheel,19005,183.7,88.0,40,10
2023-04-28T19:22:38.974235,wheel,19005,176.9,88.0,40,10
2023-04-28T19:22:39.212483,crank,52853,192.2,89.7,40,10
2023-04-28T19:22:39.961752,crank,52853,195.3,89.9,40,10
2023-04-28T19:22:40.722029,wheel,19005,169.4,89.0,40,10
2023-04-28T19:22:40.971829,wheel,19005,178.0,89.0,40,10
2023-04-28T19:22:41.209893,crank,52853,185.5,89.6,40,10
2023-04-28T19:22:41.471133,wheel,19005,165.8,89.0,40,10
2023-04-28T19:22:41.958823,crank,52853,192.3,90.2,40,10
2023-04-28T19:22:41.970409,wheel,19005,165.7,89.0,40,10
2023-04-28T19:22:42.957997,crank,52853,190.6,89.8,40,10
2023-04-28T19:22:42.969290,wheel,19005,175.2,89.0,40,10
2023-04-28T19:22:43.457184,crank,52853,195.8,89.7,40,10
2023-04-28T19:22:43.468598,wheel,19005,170.0,88.0,40,10
2023-04-28T19:22:44.206505,crank,52853,193.6,89.9,40,10
2023-04-28T19:22:44.455757,crank,52853,194.9,89.7,40,10
2023-04-28T19:22:44.467255,wheel,19005,180.0,89.0,40,10
2023-04-28T19:22:45.204789,crank,52853,198.7,89.8,40,10
2023-04-28T19:22:45.465992,wheel,19005,182.5,89.0,40,10
2023-04-28T19:22:45.954058,crank,52853,192.6,90.3,40,10
2023-04-28T19:22:45.965433,wheel,19005,176.1,89.0,40,10
2023-04-28T19:22:46.453421,crank,52853,201.1,90.1,40,10
2023-04-28T19:22:46.464767,wheel,19005,182.5,89.0,40,10
2023-04-28T19:22:46.964053,wheel,19005,188.2,89.0,40,10
2023-04-28T19:22:47.202724,crank,52853,209.4,90.6,40,10
2023-04-28T19:22:47.962808,wheel,19005,187.4,90.0,40,10
2023-04-28T19:22:48.462234,wheel,19005,189.2,89.0,40,10
2023-04-28T19:22:48.700431,crank,52853,213.8,90.2,40,10
2023-04-28T19:22:48.961630,wheel,19005,193.7,89.0,40,10
2023-04-28T19:22:49.449500,crank,52853,207.2,91.2,40,10
2023-04-28T19:22:49.461020,wheel,19005,189.3,90.0,40,10
2023-04-28T19:22:49.699418,crank,52853,192.6,90.3,40,10
2023-04-28T19:22:50.448250,crank,52853,188.1,90.2,40,10
2023-04-28T19:22:50.459627,wheel,19005,187.7,90.0,40,10
2023-04-28T19:22:50.958968,wheel,19005,171.6,90.0,40,10
2023-04-28T19:22:51.197324,crank,52853,182.6,90.9,40,10
2023-04-28T19:22:51.458453,wheel,19005,162.7,89.0,40,10
2023-04-28T19:22:51.946617,crank,52853,185.3,89.8,40,10
2023-04-28T19:22:51.957867,wheel,19005,190.1,89.0,40,10
2023-04-28T19:22:52.695687,crank,52853,210.4,89.6,40,10
2023-04-28T19:22:52.956442,wheel,19005,204.4,89.0,40,10
2023-04-28T19:22:53.444210,crank,52853,212.6,90.5,40,10
2023-04-28T19:22:53.455826,wheel,19005,178.1,89.0,40,10
2023-04-28T19:22:53.693892,crank,52853,205.5,90.1,40,10
2023-04-28T19:22:53.955251,wheel,19005,190.2,89.0,40,10
2023-04-28T19:22:54.454647,wheel,19005,189.4,89.0,40,10
2023-04-28T19:22:54.942350,crank,52853,206.4,91.3,40,10
2023-04-28T19:22:55.191808,crank,52853,209.1,89.8,40,10
2023-04-28T19:22:55.453233,wheel,19005,199.4,90.0,40,10
2023-04-28T19:22:55.691543,crank,52853,212.8,91.0,40,10
2023-04-28T19:22:55.952669,wheel,19005,194.6,90.0,40,10
2023-04-28T19:22:56.440130,crank,52853,195.9,90.2,40,10
2023-04-28T19:22:56.701660,wheel,19005,189.3,90.0,40,10
2023-04-28T19:22:56.951583,wheel,19005,188.3,90.0,40,10
2023-04-28T19:22:57.189133,crank,52853,197.3,91.2,40,10
2023-04-28T19:22:57.950077,wheel,19005,191.0,90.0,40,10
2023-04-28T19:22:58.449420,wheel,19005,176.8,90.0,40,10
2023-04-28T19:22:58.687249,crank,52853,206.3,90.2,40,10
2023-04-28T19:22:59.198665,wheel,19005,180.4,89.0,40,10
2023-04-28T19:22:59.436055,crank,52853,197.9,90.3,40,10
2023-04-28T19:22:59.448175,wheel,19005,177.0,89.0,40,10
2023-04-28T19:22:59.685685,crank,52853,195.1,90.6,40,10
2023-04-28T19:23:00.434871,crank,52853,198.6,90.2,40,10
2023-04-28T19:23:00.446972,wheel,19005,177.3,90.0,40,10
2023-04-28T19:23:00.946247,wheel,19005,182.7,90.0,40,10
2023-04-28T19:23:01.184134,crank,52853,203.0,90.5,40,10
2023-04-28T19:23:01.445632,wheel,19005,188.0,90.0,40,10
2023-04-28T19:23:01.683155,crank,52853,210.8,90.5,40,10
2023-04-28T19:23:01.944983,wheel,19005,188.4,90.0,40,10
2023-04-28T19:23:02.432405,crank,52853,207.3,90.5,40,10
2023-04-28T19:23:02.943815,wheel,19005,190.8,90.0,40,10
2023-04-28T19:23:03.180904,crank,52853,211.1,91.8,40,10
2023-04-28T19:23:03.692795,wheel,19005,213.8,90.0,40,10
2023-04-28T19:23:03.929896,crank,52853,225.3,90.2,40,10
2023-04-28T19:23:03.942443,wheel,19005,220.8,89.0,40,10
2023-04-28T19:23:04.441804,wheel,19005,200.6,89.0,40,10
2023-04-28T19:23:04.678957,crank,52853,223.3,91.2,40,10
2023-04-28T19:23:05.428267,crank,52853,206.7,91.4,40,10
2023-04-28T19:23:05.440737,wheel,19005,189.9,91.0,40,10
2023-04-28T19:23:05.677475,crank,52853,198.4,91.3,40,10
2023-04-28T19:23:05.940001,wheel,19005,179.4,91.0,40,10
2023-04-28T19:23:06.439299,wheel,19005,166.3,91.0,40,10
2023-04-28T19:23:06.676522,crank,52853,190.2,91.7,40,10
2023-04-28T19:23:06.938635,wheel,19005,161.1,90.0,40,10
2023-04-28T19:23:07.924741,crank,52853,183.4,91.1,40,10
2023-04-28T19:23:07.937431,wheel,19005,184.0,90.0,40,10
2023-04-28T19:23:08.436833,wheel,19005,182.4,90.0,40,10
2023-04-28T19:23:08.673361,crank,52853,202.7,91.2,40,10
2023-04-28T19:23:08.923229,crank,52853,219.5,90.0,40,10
2023-04-28T19:23:08.936152,wheel,19005,200.0,89.0,40,10
2023-04-28T19:23:09.435427,wheel,19005,214.3,89.0,40,10
2023-04-28T19:23:09.672502,crank,52853,231.5,91.8,40,10
2023-04-28T19:23:10.420996,crank,52853,215.3,91.6,40,10
2023-04-28T19:23:10.920680,crank,52853,194.6,91.6,40,10
2023-04-28T19:23:10.933684,wheel,19005,198.3,91.0,40,10
2023-04-28T19:23:11.433007,wheel,19005,173.9,91.0,40,10
2023-04-28T19:23:11.669287,crank,52853,188.7,91.0,40,10
2023-04-28T19:23:11.932271,wheel,19005,163.2,91.0,40,10
2023-04-28T19:23:12.418250,crank,52853,198.1,91.2,40,10
2023-04-28T19:23:12.681395,wheel,19005,176.7,91.0,40,10
2023-04-28T19:23:13.167427,crank,52853,200.6,90.7,40,10
2023-04-28T19:23:13.430355,wheel,19005,192.1,90.0,40,10
2023-04-28T19:23:13.916406,crank,52853,205.8,91.4,40,10
2023-04-28T19:23:13.929888,wheel,19005,192.5,90.0,40,10
2023-04-28T19:23:14.165839,crank,52853,206.1,91.2,40,10
2023-04-28T19:23:14.678757,wheel,19005,193.6,90.0,40,10
2023-04-28T19:23:14.914853,crank,52853,208.1,91.2,40,10
2023-04-28T19:23:15.178321,wheel,19005,192.0,91.0,40,10
2023-04-28T19:23:15.927205,wheel,19005,192.1,91.0,40,10
2023-04-28T19:23:16.163145,crank,52853,211.2,91.6,40,10
2023-04-28T19:23:16.426732,wheel,19005,202.4,91.0,40,10
2023-04-28T19:23:16.912332,crank,52853,205.4,90.8,40,10
2023-04-28T19:23:16.926036,wheel,19005,202.0,91.0,40,10
2023-04-28T19:23:17.425358,wheel,19005,174.1,91.0,40,10
2023-04-28T19:23:17.661157,crank,52853,193.7,91.2,40,10
2023-04-28T19:23:18.410034,crank,52853,186.9,91.0,40,10
2023-04-28T19:23:18.423985,wheel,19005,168.6,90.0,40,10
2023-04-28T19:23:18.923356,wheel,19005,173.8,89.0,40,10
2023-04-28T19:23:19.159051,crank,52853,190.1,90.3,40,10
2023-04-28T19:23:19.408890,crank,52853,197.8,91.0,40,10
2023-04-28T19:23:19.422900,wheel,19005,182.8,89.0,40,10
2023-04-28T19:23:19.922186,wheel,19005,176.4,90.0,40,10
2023-04-28T19:23:20.157642,crank,52853,199.6,91.4,40,10
2023-04-28T19:23:20.906637,crank,52853,194.2,91.4,40,10
2023-04-28T19:23:20.920837,wheel,19005,180.0,90.0,40,10
2023-04-28T19:23:21.405933,crank,52853,203.6,90.8,40,10
2023-04-28T19:23:21.420181,wheel,19005,188.0,90.0,40,10
2023-04-28T19:23:21.919732,wheel,19005,189.7,90.0,40,10
2023-04-28T19:23:22.404811,crank,52853,216.6,90.3,40,10
2023-04-28T19:23:22.418985,wheel,19005,190.2,90.0,40,10
2023-04-28T19:23:23.403209,crank,52853,209.0,91.2,40,10
2023-04-28T19:23:23.417633,wheel,19005,202.6,90.0,40,10
2023-04-28T19:23:23.916985,wheel,19005,184.2,89.0,40,10
2023-04-28T19:23:24.152445,crank,52853,196.8,91.8,40,10
2023-04-28T19:23:24.416388,wheel,19005,168.0,89.0,40,10
2023-04-28T19:23:24.901518,crank,52853,190.1,90.3,40,10
2023-04-28T19:23:24.915921,wheel,19005,169.7,90.0,40,10
2023-04-28T19:23:25.400868,crank,52853,193.7,90.3,40,10
2023-04-28T19:23:25.914464,wheel,19005,177.1,90.0,40,10
2023-04-28T19:23:26.150221,crank,52853,192.9,90.8,40,10
2023-04-28T19:23:26.413841,wheel,19005,180.6,90.0,40,10
2023-04-28T19:23:26.898812,crank,52853,193.6,89.9,40,10
2023-04-28T19:23:27.412606,wheel,19005,177.3,90.0,40,10
2023-04-28T19:23:27.647888,crank,52853,196.2,92.0,40,10
2023-04-28T19:23:27.911995,wheel,19005,186.8,90.0,40,10
2023-04-28T19:23:28.396917,crank,52853,201.5,90.3,40,10
2023-04-28T19:23:28.910665,wheel,19005,198.0,89.0,40,10
2023-04-28T19:23:29.146221,crank,52853,210.3,91.4,40,10
2023-04-28T19:23:29.395693,crank,52853,193.7,90.0,40,10
2023-04-28T19:23:29.409998,wheel,19005,178.3,89.0,40,10
2023-04-28T19:23:29.909353,wheel,19005,181.2,90.0,40,10
2023-04-28T19:23:30.144744,crank,52853,196.3,90.8,40,10
2023-04-28T19:23:30.408962,wheel,19005,166.0,90.0,40,10
2023-04-28T19:23:30.644138,crank,52853,198.1,90.3,40,10
2023-04-28T19:23:31.393173,crank,52853,201.7,90.3,40,10
2023-04-28T19:23:31.657321,wheel,19005,177.4,90.0,40,10
2023-04-28T19:23:31.906817,wheel,19005,180.8,90.0,40,10
2023-04-28T19:23:32.142501,crank,52853,200.8,90.3,40,10
2023-04-28T19:23:32.406188,wheel,19005,177.4,90.0,40,10
2023-04-28T19:23:32.891768,crank,52853,176.3,91.3,40,10
2023-04-28T19:23:32.905728,wheel,19005,160.5,90.0,40,10
2023-04-28T19:23:33.640389,crank,52853,176.9,86.9,40,10
2023-04-28T19:23:33.904438,wheel,19005,169.7,89.0,40,10
2023-04-28T19:23:34.389437,crank,52853,193.6,92.5,40,10
2023-04-28T19:23:34.403659,wheel,19005,180.8,89.0,40,10
2023-04-28T19:23:34.639413,crank,52853,176.6,90.1,40,10
2023-04-28T19:23:34.903023,wheel,19005,188.5,89.0,40,10
2023-04-28T19:23:35.388219,crank,52853,197.5,89.7,40,10
2023-04-28T19:23:35.402365,wheel,19005,197.2,89.0,40,10
2023-04-28T19:23:36.137281,crank,52853,209.3,90.2,40,10
2023-04-28T19:23:36.401219,wheel,19005,190.3,89.0,40,10
2023-04-28T19:23:36.886357,crank,52853,208.1,89.3,40,10
2023-04-28T19:23:36.900461,wheel,19005,189.6,89.0,40,10
2023-04-28T19:23:37.399845,wheel,19005,184.7,89.0,40,10
2023-04-28T19:23:37.635611,crank,52853,211.6,89.7,40,10
2023-04-28T19:23:38.148881,wheel,19005,183.6,89.0,40,10
2023-04-28T19:23:38.384956,crank,52853,204.8,90.5,40,10
2023-04-28T19:23:38.634177,crank,52853,209.7,91.2,40,10
2023-04-28T19:23:38.898030,wheel,19005,195.2,89.0,40,10
2023-04-28T19:23:39.383280,crank,52853,229.9,90.1,40,10
2023-04-28T19:23:39.397476,wheel,19005,217.5,89.0,40,10
2023-04-28T19:23:40.132513,crank,52853,225.0,91.6,40,10
2023-04-28T19:23:40.396029,wheel,19005,206.9,90.0,40,10
2023-04-28T19:23:41.630441,crank,52853,193.9,91.5,40,10
2023-04-28T19:23:41.894263,wheel,19005,185.9,90.0,40,10
2023-04-28T19:23:42.379475,crank,52853,179.5,89.8,40,10
2023-04-28T19:23:42.393456,wheel,19005,186.3,90.0,40,10
2023-04-28T19:23:42.892838,wheel,19005,190.9,90.0,40,10
2023-04-28T19:23:43.392193,wheel,19005,170.9,90.0,40,10
2023-04-28T19:23:43.627941,crank,52853,193.3,90.0,40,10
2023-04-28T19:26:22.844279,crank,52853,212.3,95.1,40,2
2023-04-28T19:26:23.107037,wheel,19005,196.6,91.0,40,2
2023-04-28T19:26:23.593097,crank,52853,209.6,94.7,40,2
2023-04-28T19:26:24.105790,wheel,19005,203.5,92.0,40,2
2023-04-28T19:26:24.592368,crank,52853,202.0,94.0,40,2
2023-04-28T19:26:24.605335,wheel,19005,197.5,92.0,40,2
2023-04-28T19:26:25.104670,wheel,19005,194.0,92.0,40,2
2023-04-28T19:26:25.341031,crank,52853,198.3,94.2,40,2
2023-04-28T19:26:25.603960,wheel,19005,192.9,92.0,40,2
2023-04-28T19:26:25.840923,crank,52853,185.8,93.4,40,2
2023-04-28T19:26:26.589497,crank,52853,178.9,92.7,40,2
2023-04-28T19:26:26.602768,wheel,19005,184.2,90.0,40,2
2023-04-28T19:26:27.102348,wheel,19005,179.0,91.0,40,2
2023-04-28T19:26:27.338631,crank,52853,189.0,92.4,40,2
2023-04-28T19:26:27.851213,wheel,19005,181.0,91.0,40,2
2023-04-28T19:26:28.337835,crank,52853,194.1,92.2,40,2
2023-04-28T19:26:28.350684,wheel,19005,182.8,90.0,40,2
2023-04-28T19:26:28.587091,crank,52853,184.0,92.0,40,2
2023-04-28T19:26:29.086492,crank,52853,178.4,91.0,40,2
2023-04-28T19:26:29.099676,wheel,19005,183.0,90.0,40,2
2023-04-28T19:26:29.599407,wheel,19005,182.1,90.0,40,2
2023-04-28T19:26:29.835596,crank,52853,195.1,91.0,40,2
2023-04-28T19:26:30.348154,wheel,19005,184.1,89.0,40,2
2023-04-28T19:26:30.584697,crank,52853,205.0,92.2,40,2
2023-04-28T19:26:30.597857,wheel,19005,185.0,89.0,40,2
2023-04-28T19:26:31.334043,crank,52853,204.9,93.0,40,2
2023-04-28T19:26:31.596595,wheel,19005,187.0,89.0,40,2
2023-04-28T19:26:32.083238,crank,52853,221.6,93.5,40,2
2023-04-28T19:26:32.096119,wheel,19005,197.9,92.0,40,2
2023-04-28T19:26:32.332598,crank,52853,210.9,96.6,40,2
2023-04-28T19:26:32.845072,wheel,19005,204.9,92.0,40,2
2023-04-28T19:26:33.081728,crank,52853,182.5,94.5,40,2
2023-04-28T19:26:33.344727,wheel,19005,201.9,92.0,40,2
2023-04-28T19:26:34.093564,wheel,19005,192.9,92.0,40,2
2023-04-28T19:26:34.330211,crank,52853,192.8,92.7,40,2
2023-04-28T19:26:34.593027,wheel,19005,178.8,91.0,40,2
2023-04-28T19:26:35.079534,crank,52853,187.2,92.9,40,2
2023-04-28T19:26:35.092416,wheel,19005,180.8,91.0,40,2
2023-04-28T19:26:35.591901,wheel,19005,184.1,91.0,40,2
2023-04-28T19:26:35.828513,crank,52853,189.8,93.2,40,2
2023-04-28T19:26:36.577508,crank,52853,200.4,93.1,40,2
2023-04-28T19:26:36.590496,wheel,19005,185.6,90.0,40,2
2023-04-28T19:26:36.827415,crank,52853,210.3,94.2,40,2
2023-04-28T19:26:37.089923,wheel,19005,189.4,90.0,40,2
2023-04-28T19:26:37.576539,crank,52853,208.0,94.9,40,2
2023-04-28T19:26:37.589337,wheel,19005,195.0,92.0,40,2
2023-04-28T19:26:38.075710,crank,52853,200.8,95.0,40,2
2023-04-28T19:26:38.088672,wheel,19005,197.1,92.0,40,2
2023-04-28T19:26:38.825062,crank,52853,198.9,95.4,40,2
2023-04-28T19:26:39.087424,wheel,19005,196.6,93.0,40,2
2023-04-28T19:26:39.586855,wheel,19005,193.2,92.0,40,2
2023-04-28T19:26:39.823602,crank,52853,194.1,94.9,40,2
2023-04-28T19:26:40.086281,wheel,19005,191.9,92.0,40,2
2023-04-28T19:26:40.322994,crank,52853,192.6,93.7,40,2
2023-04-28T19:26:40.585660,wheel,19005,190.2,92.0,40,2
2023-04-28T19:26:41.072135,crank,52853,198.3,94.2,40,2
2023-04-28T19:26:41.322038,crank,52853,191.2,93.0,40,2
2023-04-28T19:26:41.584367,wheel,19005,189.1,90.0,40,2
2023-04-28T19:26:42.071010,crank,52853,194.9,93.5,40,2
2023-04-28T19:26:42.570548,crank,52853,201.8,94.2,40,2
2023-04-28T19:26:42.583241,wheel,19005,188.0,91.0,40,2
2023-04-28T19:26:43.082645,wheel,19005,190.8,91.0,40,2
2023-04-28T19:26:43.569124,crank,52853,207.3,95.0,40,2
2023-04-28T19:26:43.581895,wheel,19005,193.1,92.0,40,2
2023-04-28T19:26:44.318445,crank,52853,210.0,95.8,40,2
2023-04-28T19:26:44.567894,crank,52853,207.7,96.0,40,2
2023-04-28T19:26:44.580681,wheel,19005,200.1,93.0,40,2
2023-04-28T19:26:45.067558,crank,52853,208.2,95.4,40,2
2023-04-28T19:26:45.080261,wheel,19005,201.1,93.0,40,2
2023-04-28T19:26:45.579558,wheel,19005,198.0,93.0,40,2
2023-04-28T19:26:46.066117,crank,52853,205.9,95.2,40,2
2023-04-28T19:26:46.565517,crank,52853,201.2,95.6,40,2
2023-04-28T19:26:47.077629,wheel,19005,194.9,92.0,40,2
2023-04-28T19:26:47.314596,crank,52853,201.5,96.7,40,2
2023-04-28T19:26:47.564552,crank,52853,192.2,95.3,40,2
2023-04-28T19:26:47.577224,wheel,19005,194.1,93.0,40,2
2023-04-28T19:26:48.076500,wheel,19005,189.0,93.0,40,2
2023-04-28T19:26:48.313405,crank,52853,193.8,94.7,40,2
2023-04-28T19:26:48.813236,crank,52853,196.6,94.3,40,2
2023-04-28T19:26:48.825633,wheel,19005,185.8,93.0,40,2
2023-04-28T19:26:49.561894,crank,52853,196.3,96.0,40,2
2023-04-28T19:26:49.574553,wheel,19005,184.6,93.0,40,2
2023-04-28T19:26:50.074176,wheel,19005,186.9,93.0,40,2
2023-04-28T19:26:50.560829,crank,52853,199.2,94.7,40,2
2023-04-28T19:26:50.573413,wheel,19005,189.1,93.0,40,2
2023-04-28T19:26:51.060125,crank,52853,204.5,95.8,40,2
2023-04-28T19:26:51.072730,wheel,19005,191.1,93.0,40,2
2023-04-28T19:26:51.809431,crank,52853,202.3,96.6,40,2
2023-04-28T19:26:52.071479,wheel,19005,192.5,92.0,40,2
2023-04-28T19:26:52.558763,crank,52853,198.6,95.7,40,2
2023-04-28T19:26:52.571033,wheel,19005,193.9,94.0,40,2
2023-04-28T19:26:53.070388,wheel,19005,194.9,94.0,40,2
2023-04-28T19:26:53.307429,crank,52853,204.9,96.7,40,2
2023-04-28T19:26:54.056532,crank,52853,202.6,96.8,40,2
2023-04-28T19:26:54.069056,wheel,19005,195.6,94.0,40,2
2023-04-28T19:26:54.805611,crank,52853,198.4,96.5,40,2
2023-04-28T19:26:55.067988,wheel,19005,193.0,94.0,40,2
2023-04-28T19:26:55.554963,crank,52853,177.9,95.0,40,2
2023-04-28T19:26:55.567277,wheel,19005,186.2,93.0,40,2
2023-04-28T19:26:55.804429,crank,52853,187.3,94.6,40,2
2023-04-28T19:26:56.066586,wheel,19005,182.8,93.0,40,2
2023-04-28T19:26:56.553520,crank,52853,228.0,93.5,40,2
2023-04-28T19:26:56.565975,wheel,19005,190.0,92.0,40,2
2023-04-28T19:26:57.052934,crank,52853,246.3,100.2,40,2
2023-04-28T19:26:57.564992,wheel,19005,210.4,95.0,40,2
2023-04-28T19:26:57.802039,crank,52853,220.1,99.5,40,2
2023-04-28T19:26:58.064238,wheel,19005,220.2,95.0,40,2
2023-04-28T19:26:58.551124,crank,52853,210.3,95.5,40,2
2023-04-28T19:26:58.563520,wheel,19005,208.2,94.0,40,2
2023-04-28T19:26:59.062929,wheel,19005,197.1,94.0,40,2
2023-04-28T19:26:59.549912,crank,52853,202.2,92.8,40,2
2023-04-28T19:27:00.061987,wheel,19005,181.3,91.0,40,2
2023-04-28T19:27:00.299042,crank,52853,177.8,92.1,40,2
2023-04-28T19:27:00.561200,wheel,19005,180.0,91.0,40,2
2023-04-28T19:27:01.060473,wheel,19005,179.0,89.0,40,2
2023-04-28T19:27:01.559857,wheel,19005,178.1,89.0,40,2
2023-04-28T19:27:01.797479,crank,52853,184.3,89.6,40,2
2023-04-28T19:27:02.546849,crank,52853,189.9,89.8,40,2
2023-04-28T19:27:02.796050,crank,52853,200.5,88.3,40,2
2023-04-28T19:27:02.808313,wheel,19005,184.0,87.0,40,2
2023-04-28T19:27:03.058125,wheel,19005,190.9,87.0,40,2
2023-04-28T19:27:03.557415,wheel,19005,191.9,87.0,40,2
2023-04-28T19:27:04.056801,wheel,19005,191.9,87.0,40,2
2023-04-28T19:27:04.294446,crank,52853,206.9,89.7,40,2
2023-04-28T19:27:05.043809,crank,52853,196.3,88.3,40,2
2023-04-28T19:27:05.055768,wheel,19005,189.9,87.0,40,2
2023-04-28T19:27:05.542949,crank,52853,195.3,89.5,40,2
2023-04-28T19:27:06.054377,wheel,19005,188.0,87.0,40,2
2023-04-28T19:27:06.292391,crank,52853,193.1,88.5,40,2
2023-04-28T19:27:06.553745,wheel,19005,187.8,87.0,40,2
2023-04-28T19:27:07.040920,crank,52853,195.8,88.5,40,2
2023-04-28T19:27:07.552721,wheel,19005,189.5,86.0,40,2
2023-04-28T19:27:07.790029,crank,52853,189.5,88.4,40,2
2023-04-28T19:27:08.051983,wheel,19005,191.0,86.0,40,2
2023-04-28T19:27:08.551271,wheel,19005,191.9,86.0,40,2
2023-04-28T19:27:08.789391,crank,52853,180.8,87.6,40,2
2023-04-28T19:27:09.050686,wheel,19005,187.9,86.0,40,2
2023-04-28T19:27:09.537945,crank,52853,189.9,88.2,40,2
2023-04-28T19:27:10.037743,crank,52853,206.0,89.2,40,2
2023-04-28T19:27:10.049786,wheel,19005,190.0,86.0,40,2
2023-04-28T19:27:10.287068,crank,52853,207.5,91.0,40,2
2023-04-28T19:27:10.548934,wheel,19005,192.9,86.0,40,2
2023-04-28T19:27:11.036122,crank,52853,213.5,90.5,40,2
2023-04-28T19:27:11.048217,wheel,19005,199.1,88.0,40,2
2023-04-28T19:27:11.547607,wheel,19005,199.8,88.0,40,2
2023-04-28T19:27:12.284622,crank,52853,214.2,91.7,40,2
2023-04-28T19:27:12.546588,wheel,19005,201.2,88.0,40,2
2023-04-28T19:27:13.033965,crank,52853,201.5,90.7,40,2
2023-04-28T19:27:13.045858,wheel,19005,196.8,89.0,40,2
2023-04-28T19:27:13.545141,wheel,19005,195.0,89.0,40,2
2023-04-28T19:27:14.032522,crank,52853,217.5,91.4,40,2
2023-04-28T19:27:14.294327,wheel,19005,194.0,89.0,40,2
2023-04-28T19:27:14.781625,crank,52853,199.4,91.8,40,2
2023-04-28T19:27:15.031825,crank,52853,197.3,91.2,40,2
2023-04-28T19:27:15.043554,wheel,19005,194.4,89.0,40,2
2023-04-28T19:27:15.530948,crank,52853,201.1,90.9,40,2
2023-04-28T19:27:15.542795,wheel,19005,193.1,89.0,40,2
2023-04-28T19:27:16.042121,wheel,19005,192.9,88.0,40,2
2023-04-28T19:27:16.280274,crank,52853,197.8,89.8,40,2
2023-04-28T19:27:16.541490,wheel,19005,192.0,88.0,40,2
2023-04-28T19:27:17.028924,crank,52853,194.9,89.7,40,2
2023-04-28T19:27:17.540472,wheel,19005,190.4,87.0,40,2
2023-04-28T19:27:18.027942,crank,52853,186.2,89.3,40,2
2023-04-28T19:27:18.039722,wheel,19005,189.0,87.0,40,2
2023-04-28T19:27:18.527121,crank,52853,189.2,89.1,40,2
2023-04-28T19:27:18.539033,wheel,19005,188.9,87.0,40,2
2023-04-28T19:27:19.038449,wheel,19005,192.1,87.0,40,2
2023-04-28T19:27:19.276479,crank,52853,205.0,89.1,40,2
2023-04-28T19:27:19.525933,crank,52853,213.4,90.8,40,2
2023-04-28T19:27:20.037395,wheel,19005,195.6,88.0,40,2
2023-04-28T19:27:20.774437,crank,52853,200.8,90.8,40,2
2023-04-28T19:27:20.786275,wheel,19005,198.1,88.0,40,2
2023-04-28T19:27:21.024145,crank,52853,195.4,90.8,40,2
2023-04-28T19:27:21.035959,wheel,19005,195.9,88.0,40,2
2023-04-28T19:27:21.523545,crank,52853,204.9,90.6,40,2
2023-04-28T19:27:21.535345,wheel,19005,195.0,89.0,40,2
2023-04-28T19:27:22.272682,crank,52853,217.1,91.6,40,2
2023-04-28T19:27:22.534320,wheel,19005,195.0,88.0,40,2
2023-04-28T19:27:23.021846,crank,52853,211.3,91.8,40,2
2023-04-28T19:27:23.283212,wheel,19005,196.0,88.0,40,2
2023-04-28T19:27:23.532894,wheel,19005,197.0,89.0,40,2
2023-04-28T19:27:24.020563,crank,52853,209.7,91.2,40,2
2023-04-28T19:27:24.032310,wheel,19005,196.8,89.0,40,2
2023-04-28T19:27:24.519932,crank,52853,210.5,90.3,40,2
2023-04-28T19:27:24.769638,crank,52853,217.5,94.2,40,2
2023-04-28T19:27:25.518966,crank,52853,209.3,94.6,40,2
2023-04-28T19:27:25.530553,wheel,19005,198.7,91.0,40,2
2023-04-28T19:27:26.029838,wheel,19005,198.8,91.0,40,2
2023-04-28T19:27:26.529228,wheel,19005,198.8,91.0,40,2
2023-04-28T19:27:26.767380,crank,52853,193.9,92.8,40,2
2023-04-28T19:27:27.028619,wheel,19005,199.0,91.0,40,2
2023-04-28T19:27:27.765952,crank,52853,198.6,90.2,40,2
2023-04-28T19:27:28.027528,wheel,19005,194.5,89.0,40,2
2023-04-28T19:27:28.265355,crank,52853,186.9,93.0,40,2
2023-04-28T19:27:28.526781,wheel,19005,183.0,89.0,40,2
2023-04-28T19:27:29.014469,crank,52853,166.5,89.4,40,2
2023-04-28T19:27:29.026207,wheel,19005,175.8,89.0,40,2
2023-04-28T19:27:29.525566,wheel,19005,176.8,88.0,40,2
2023-04-28T19:27:30.013773,crank,52853,195.1,90.6,40,2
2023-04-28T19:27:30.524440,wheel,19005,189.2,88.0,40,2
2023-04-28T19:27:30.762340,crank,52853,191.7,89.0,40,2
2023-04-28T19:27:31.511465,crank,52853,200.8,90.8,40,2
2023-04-28T19:27:31.523119,wheel,19005,196.9,88.0,40,2
2023-04-28T19:27:33.021334,wheel,19005,195.5,88.0,40,2
2023-04-28T19:27:33.259340,crank,52853,210.6,92.1,40,2
2023-04-28T19:27:33.759156,crank,52853,212.9,93.7,40,2
2023-04-28T19:27:34.008499,crank,52853,202.1,93.0,40,2
2023-04-28T19:27:34.269902,wheel,19005,206.7,90.0,40,2
2023-04-28T19:27:34.757525,crank,52853,200.0,92.9,40,2
2023-04-28T19:27:35.256949,crank,52853,196.4,92.0,40,2
2023-04-28T19:27:35.767905,wheel,19005,202.3,90.0,40,2
2023-04-28T19:27:36.006076,crank,52853,198.5,91.4,40,2
2023-04-28T19:27:36.516986,wheel,19005,197.0,90.0,40,2
2023-04-28T19:27:36.755390,crank,52853,196.7,91.8,40,2
2023-04-28T19:27:37.266082,wheel,19005,194.5,89.0,40,2
2023-04-28T19:27:37.753970,crank,52853,204.0,89.4,40,2
2023-04-28T19:27:37.765467,wheel,19005,194.1,88.0,40,2
2023-04-28T19:27:38.253352,crank,52853,199.3,91.3,40,2
2023-04-28T19:27:38.764452,wheel,19005,184.9,87.0,40,2
2023-04-28T19:27:39.002470,crank,52853,167.0,89.7,40,2
2023-04-28T19:27:39.252407,crank,52853,183.8,86.5,40,2
2023-04-28T19:27:39.263687,wheel,19005,177.2,87.0,40,2
2023-04-28T19:27:39.762989,wheel,19005,176.1,86.0,40,2
2023-04-28T19:27:40.001651,crank,52853,209.2,90.2,40,2
2023-04-28T19:27:40.262401,wheel,19005,179.2,86.0,40,2
2023-04-28T19:27:40.750361,crank,52853,197.1,89.5,40,2
2023-04-28T19:27:41.250283,crank,52853,197.2,90.0,40,2
2023-04-28T19:27:41.998882,crank,52853,198.2,91.2,40,2
2023-04-28T19:27:42.759366,wheel,19005,190.2,88.0,40,2
2023-04-28T19:27:42.997857,crank,52853,191.8,91.6,40,2
2023-04-28T19:27:43.497054,crank,52853,196.9,90.6,40,2
2023-04-28T19:27:43.758307,wheel,19005,193.1,87.0,40,2
2023-04-28T19:27:44.246395,crank,52853,204.8,91.0,40,2
2023-04-28T19:27:44.507225,wheel,19005,193.3,88.0,40,2
2023-04-28T19:27:45.256296,wheel,19005,194.0,89.0,40,2
2023-04-28T19:27:45.494784,crank,52853,200.2,91.3,40,2
2023-04-28T19:27:45.993869,crank,52853,210.2,91.8,40,2
2023-04-28T19:27:46.742956,crank,52853,196.0,93.2,40,2
2023-04-28T19:27:46.754486,wheel,19005,195.7,90.0,40,2
2023-04-28T19:27:47.253808,wheel,19005,196.1,90.0,40,2
2023-04-28T19:27:47.492382,crank,52853,186.9,91.0,40,2
2023-04-28T19:27:47.753217,wheel,19005,195.1,90.0,40,2
2023-04-28T19:27:48.240867,crank,52853,185.2,90.5,40,2
2023-04-28T19:27:48.490529,crank,52853,179.0,87.5,40,2
2023-04-28T19:27:48.502286,wheel,19005,186.2,87.0,40,2
2023-04-28T19:27:49.239793,crank,52853,194.5,89.1,40,2
2023-04-28T19:27:49.251446,wheel,19005,178.1,87.0,40,2
2023-04-28T19:27:49.750760,wheel,19005,179.2,87.0,40,2
2023-04-28T19:27:49.989068,crank,52853,200.8,90.8,40,2
2023-04-28T19:27:50.250149,wheel,19005,188.8,88.0,40,2
2023-04-28T19:27:50.488117,crank,52853,197.8,91.4,40,2
2023-04-28T19:27:50.749564,wheel,19005,196.1,88.0,40,2
2023-04-28T19:27:51.985915,crank,52853,196.3,90.1,40,2
2023-04-28T19:27:52.247678,wheel,19005,191.7,88.0,40,2
2023-04-28T19:27:52.734949,crank,52853,201.3,91.0,40,2
2023-04-28T19:27:52.747083,wheel,19005,187.2,88.0,40,2
2023-04-28T19:27:53.246476,wheel,19005,191.0,88.0,40,2
2023-04-28T19:27:53.483942,crank,52853,204.9,91.4,40,2
2023-04-28T19:27:53.746061,wheel,19005,194.0,88.0,40,2
2023-04-28T19:27:54.233163,crank,52853,205.6,92.1,40,2
2023-04-28T19:27:54.482634,crank,52853,211.1,92.5,40,2
2023-04-28T19:27:54.744642,wheel,19005,195.5,90.0,40,2
2023-04-28T19:27:55.231623,crank,52853,209.3,92.2,40,2
2023-04-28T19:27:55.244074,wheel,19005,196.2,90.0,40,2
2023-04-28T19:27:55.730957,crank,52853,199.1,94.2,40,2
2023-04-28T19:27:55.743407,wheel,19005,201.1,90.0,40,2
2023-04-28T19:27:56.243013,wheel,19005,198.8,90.0,40,2
2023-04-28T19:27:56.480015,crank,52853,189.3,91.7,40,2
2023-04-28T19:27:57.228952,crank,52853,195.1,91.4,40,2
2023-04-28T19:27:57.241576,wheel,19005,195.4,90.0,40,2
2023-04-28T19:27:57.740970,wheel,19005,193.1,89.0,40,2
2023-04-28T19:27:57.978141,crank,52853,195.1,91.4,40,2
2023-04-28T19:27:58.240360,wheel,19005,192.8,89.0,40,2
2023-04-28T19:27:58.740004,wheel,19005,192.9,88.0,40,2
2023-04-28T19:27:59.476187,crank,52853,197.0,90.9,40,2
2023-04-28T19:27:59.738527,wheel,19005,197.5,89.0,40,2
2023-04-28T19:28:00.225246,crank,52853,206.8,92.2,40,2
2023-04-28T19:28:00.237899,wheel,19005,200.8,89.0,40,2
2023-04-28T19:28:00.737281,wheel,19005,198.1,89.0,40,2
2023-04-28T19:28:01.224467,crank,52853,204.4,91.4,40,2
2023-04-28T19:28:01.486386,wheel,19005,192.8,89.0,40,2
2023-04-28T19:28:02.222863,crank,52853,197.9,91.1,40,2
2023-04-28T19:28:02.722257,crank,52853,197.4,92.1,40,2
2023-04-28T19:28:02.734851,wheel,19005,189.7,89.0,40,2
2023-04-28T19:28:02.972239,crank,52853,191.2,91.3,40,2
2023-04-28T19:28:03.234237,wheel,19005,192.1,89.0,40,2
2023-04-28T19:28:03.721431,crank,52853,208.1,90.1,40,2
2023-04-28T19:28:03.733746,wheel,19005,195.8,88.0,40,2
2023-04-28T19:28:04.233113,wheel,19005,199.0,88.0,40,2
2023-04-28T19:28:05.219271,crank,52853,203.4,91.7,40,2
2023-04-28T19:28:05.231784,wheel,19005,201.5,89.0,40,2
2023-04-28T19:28:05.718643,crank,52853,217.0,90.8,40,2
2023-04-28T19:28:05.731202,wheel,19005,198.8,89.0,40,2
2023-04-28T19:28:06.230748,wheel,19005,197.8,89.0,40,2
2023-04-28T19:28:06.467792,crank,52853,211.8,92.0,40,2
2023-04-28T19:28:06.730016,wheel,19005,198.0,89.0,40,2
2023-04-28T19:28:07.216844,crank,52853,199.7,93.6,40,2
2023-04-28T19:28:07.728776,wheel,19005,198.1,90.0,40,2
2023-04-28T19:28:07.966123,crank,52853,206.4,92.9,40,2
2023-04-28T19:28:08.215673,crank,52853,197.7,92.2,40,2
2023-04-28T19:28:08.228096,wheel,19005,198.0,90.0,40,2
2023-04-28T19:28:08.727622,wheel,19005,197.0,90.0,40,2
2023-04-28T19:28:08.964782,crank,52853,189.3,91.7,40,2
2023-04-28T19:28:09.464169,crank,52853,197.2,91.6,40,2
2023-04-28T19:28:09.476588,wheel,19005,197.0,89.0,40,2
2023-04-28T19:28:10.213319,crank,52853,188.0,90.6,40,2
2023-04-28T19:28:10.225659,wheel,19005,195.4,89.0,40,2
2023-04-28T19:28:10.725050,wheel,19005,192.2,89.0,40,2
2023-04-28T19:28:11.212560,crank,52853,177.6,90.2,40,2
2023-04-28T19:28:11.224613,wheel,19005,185.1,88.0,40,2
2023-04-28T19:28:11.711661,crank,52853,180.1,88.5,40,2
2023-04-28T19:28:11.723917,wheel,19005,181.0,88.0,40,2
2023-04-28T19:28:12.460964,crank,52853,193.2,88.9,40,2
2023-04-28T19:28:12.972427,wheel,19005,178.6,87.0,40,2
2023-04-28T19:28:13.209666,crank,52853,193.6,89.5,40,2
2023-04-28T19:28:13.471703,wheel,19005,182.9,87.0,40,2
2023-04-28T19:28:13.721588,wheel,19005,189.2,87.0,40,2
2023-04-28T19:28:13.958806,crank,52853,197.0,89.0,40,2
2023-04-28T19:28:14.208685,crank,52853,210.9,90.9,40,2
2023-04-28T19:28:14.220820,wheel,19005,194.1,87.0,40,2
2023-04-28T19:28:15.457125,crank,52853,215.9,92.9,40,2
2023-04-28T19:28:15.469306,wheel,19005,206.4,89.0,40,2
2023-04-28T19:28:15.718918,wheel,19005,211.1,89.0,40,2
2023-04-28T19:28:16.218546,wheel,19005,212.9,91.0,40,2
2023-04-28T19:28:16.455762,crank,52853,213.4,92.4,40,2
2023-04-28T19:28:16.717802,wheel,19005,208.1,91.0,40,2
2023-04-28T19:28:17.454988,crank,52853,203.5,93.7,40,2
2023-04-28T19:28:17.716501,wheel,19005,200.2,91.0,40,2
2023-04-28T19:28:18.203648,crank,52853,210.3,94.2,40,2
2023-04-28T19:28:18.215862,wheel,19005,200.0,91.0,40,2
2023-04-28T19:28:18.703545,crank,52853,196.3,93.3,40,2
2023-04-28T19:28:18.964978,wheel,19005,202.1,91.0,40,2
2023-04-28T19:28:19.214736,wheel,19005,199.8,90.0,40,2
2023-04-28T19:28:19.452183,crank,52853,194.8,92.6,40,2
2023-04-28T19:28:20.213412,wheel,19005,193.5,90.0,40,2
2023-04-28T19:28:20.451211,crank,52853,191.7,92.0,40,2
2023-04-28T19:28:20.712820,wheel,19005,191.2,90.0,40,2
2023-04-28T19:28:20.950363,crank,52853,193.4,91.9,40,2
2023-04-28T19:28:21.212364,wheel,19005,189.8,90.0,40,2
2023-04-28T19:28:21.699690,crank,52853,208.6,92.2,40,2
2023-04-28T19:28:21.711661,wheel,19005,192.9,90.0,40,2
2023-04-28T19:28:21.949191,crank,52853,213.3,93.5,40,2
2023-04-28T19:28:22.698278,crank,52853,209.0,93.2,40,2
2023-04-28T19:28:22.710428,wheel,19005,200.1,90.0,40,2
2023-04-28T19:28:23.197646,crank,52853,206.7,93.4,40,2
2023-04-28T19:28:23.209740,wheel,19005,204.1,90.0,40,2
2023-04-28T19:28:23.709362,wheel,19005,205.2,91.0,40,2
2023-04-28T19:28:23.946779,crank,52853,213.3,93.5,40,2
2023-04-28T19:28:24.208608,wheel,19005,207.1,91.0,40,2
2023-04-28T19:28:24.695896,crank,52853,220.4,94.6,40,2
2023-04-28T19:28:25.207309,wheel,19005,209.5,91.0,40,2
2023-04-28T19:28:25.445167,crank,52853,214.1,93.9,40,2
2023-04-28T19:28:25.706672,wheel,19005,210.1,92.0,40,2
2023-04-28T19:28:26.194467,crank,52853,203.2,93.1,40,2
2023-04-28T19:28:26.206223,wheel,19005,205.9,92.0,40,2
2023-04-28T19:28:26.443796,crank,52853,190.6,92.7,40,2
2023-04-28T19:28:26.705543,wheel,19005,202.1,91.0,40,2
2023-04-28T19:28:27.192847,crank,52853,196.7,91.8,40,2
2023-04-28T19:28:27.692289,crank,52853,225.7,91.8,40,2
2023-04-28T19:28:27.704249,wheel,19005,198.5,90.0,40,2
2023-04-28T19:28:28.203653,wheel,19005,203.1,90.0,40,2
2023-04-28T19:28:28.441371,crank,52853,238.1,94.6,40,2
2023-04-28T19:28:28.952690,wheel,19005,209.9,91.0,40,2
2023-04-28T19:28:29.190585,crank,52853,204.5,95.0,40,2
2023-04-28T19:28:29.202467,wheel,19005,211.2,91.0,40,2
2023-04-28T19:31:03.763153,wheel,19005,191.9,94.0,54,7
2023-04-28T19:31:04.512323,wheel,19005,188.6,95.0,54,7
2023-04-28T19:31:04.749915,crank,52853,196.6,93.9,54,7
2023-04-28T19:31:05.249671,crank,52853,204.2,94.4,54,7
2023-04-28T19:31:05.760596,wheel,19005,203.9,95.0,54,7
2023-04-28T19:31:05.998369,crank,52853,204.2,94.4,54,7
2023-04-28T19:31:06.509883,wheel,19005,185.2,95.0,54,7
2023-04-28T19:31:06.997202,crank,52853,195.1,95.4,54,7
2023-04-28T19:31:07.246880,crank,52853,187.2,95.0,54,7
2023-04-28T19:31:07.746713,crank,52853,178.5,94.9,54,7
2023-04-28T19:31:08.007728,wheel,19005,175.8,95.0,54,7
2023-04-28T19:31:08.495319,crank,52853,178.4,93.4,54,7
2023-04-28T19:31:09.244494,crank,52853,180.3,96.3,54,7
2023-04-28T19:31:09.505867,wheel,19005,175.9,95.0,54,7
2023-04-28T19:31:09.993587,crank,52853,171.1,93.4,54,7
2023-04-28T19:31:10.243531,crank,52853,183.8,94.2,54,7
2023-04-28T19:31:10.255005,wheel,19005,181.6,95.0,54,7
2023-04-28T19:31:10.992801,crank,52853,187.4,95.1,54,7
2023-04-28T19:31:11.004142,wheel,19005,182.1,95.0,54,7
2023-04-28T19:31:11.491970,crank,52853,177.2,94.2,54,7
2023-04-28T19:31:11.503526,wheel,19005,159.7,95.0,54,7
2023-04-28T19:31:12.241388,crank,52853,182.3,94.9,54,7
2023-04-28T19:31:12.502191,wheel,19005,164.6,95.0,54,7
2023-04-28T19:31:12.989975,crank,52853,188.5,93.8,54,7
2023-04-28T19:31:13.001620,wheel,19005,166.1,95.0,54,7
2023-04-28T19:31:13.739067,crank,52853,180.3,94.8,54,7
2023-04-28T19:31:14.000436,wheel,19005,169.0,95.0,54,7
2023-04-28T19:31:14.488160,crank,52853,181.1,94.7,54,7
2023-04-28T19:31:14.499725,wheel,19005,162.2,95.0,54,7
2023-04-28T19:31:14.738121,crank,52853,188.9,94.0,54,7
2023-04-28T19:31:15.487069,crank,52853,185.8,94.8,54,7
2023-04-28T19:31:15.498561,wheel,19005,176.8,95.0,54,7
2023-04-28T19:31:15.997917,wheel,19005,169.4,94.0,54,7
2023-04-28T19:31:16.236052,crank,52853,183.5,94.1,54,7
2023-04-28T19:31:16.735930,crank,52853,190.2,95.1,54,7
2023-04-28T19:31:16.747233,wheel,19005,171.3,94.0,54,7
2023-04-28T19:31:16.996676,wheel,19005,180.4,95.0,54,7
2023-04-28T19:31:17.734263,crank,52853,215.0,92.7,54,7
2023-04-28T19:31:17.995584,wheel,19005,217.9,95.0,54,7
2023-04-28T19:31:18.233706,crank,52853,230.7,95.4,54,7
2023-04-28T19:31:18.483609,crank,52853,207.7,96.9,54,7
2023-04-28T19:31:18.494872,wheel,19005,184.9,95.0,54,7
2023-04-28T19:31:18.994179,wheel,19005,196.3,96.0,54,7
2023-04-28T19:31:19.732094,crank,52853,201.8,95.2,54,7
2023-04-28T19:31:19.743360,wheel,19005,193.4,96.0,54,7
2023-04-28T19:31:20.481201,crank,52853,204.8,95.1,54,7
2023-04-28T19:31:20.492445,wheel,19005,194.6,96.0,54,7
2023-04-28T19:31:21.241475,wheel,19005,175.3,95.0,54,7
2023-04-28T19:31:21.479775,crank,52853,207.7,96.0,54,7
2023-04-28T19:31:21.491131,wheel,19005,186.5,95.0,54,7
2023-04-28T19:31:21.990527,wheel,19005,195.6,96.0,54,7
2023-04-28T19:31:22.479083,crank,52853,198.2,95.5,54,7
2023-04-28T19:31:22.978104,crank,52853,206.2,95.8,54,7
2023-04-28T19:31:23.239000,wheel,19005,202.6,96.0,54,7
2023-04-28T19:31:23.727300,crank,52853,204.7,95.5,54,7
2023-04-28T19:31:23.738538,wheel,19005,192.3,96.0,54,7
2023-04-28T19:31:23.988054,wheel,19005,183.8,96.0,54,7
2023-04-28T19:31:24.475830,crank,52853,206.7,95.5,54,7
2023-04-28T19:31:24.487439,wheel,19005,190.8,96.0,54,7
2023-04-28T19:31:24.725485,crank,52853,209.0,95.3,54,7
2023-04-28T19:31:25.474759,crank,52853,204.2,96.2,54,7
2023-04-28T19:31:25.486296,wheel,19005,196.3,96.0,54,7
2023-04-28T19:31:25.973801,crank,52853,199.3,95.2,54,7
2023-04-28T19:31:25.985618,wheel,19005,172.7,95.0,54,7
2023-04-28T19:31:26.485001,wheel,19005,179.2,95.0,54,7
2023-04-28T19:31:26.722876,crank,52853,203.1,95.6,54,7
2023-04-28T19:31:26.984459,wheel,19005,177.5,96.0,54,7
2023-04-28T19:31:27.472069,crank,52853,207.0,96.2,54,7
2023-04-28T19:31:27.983150,wheel,19005,195.1,96.0,54,7
2023-04-28T19:31:28.221309,crank,52853,213.5,95.2,54,7
2023-04-28T19:31:28.470540,crank,52853,206.9,96.5,54,7
2023-04-28T19:31:28.482532,wheel,19005,192.0,96.0,54,7
2023-04-28T19:31:28.981937,wheel,19005,171.2,96.0,54,7
2023-04-28T19:31:29.219541,crank,52853,202.3,95.2,54,7
2023-04-28T19:31:29.481566,wheel,19005,191.5,96.0,54,7
2023-04-28T19:31:29.968787,crank,52853,206.5,95.5,54,7
2023-04-28T19:31:30.467863,crank,52853,194.3,95.9,54,7
2023-04-28T19:31:30.480086,wheel,19005,176.8,96.0,54,7
2023-04-28T19:31:30.979482,wheel,19005,185.8,95.0,54,7
2023-04-28T19:31:31.466613,crank,52853,189.6,95.8,54,7
2023-04-28T19:31:31.478900,wheel,19005,181.5,95.0,54,7
2023-04-28T19:31:31.966014,crank,52853,180.1,95.7,54,7
2023-04-28T19:31:31.978357,wheel,19005,165.4,96.0,54,7
2023-04-28T19:31:32.714963,crank,52853,180.6,96.0,54,7
2023-04-28T19:31:32.964564,crank,52853,203.8,94.7,54,7
2023-04-28T19:31:32.977013,wheel,19005,190.1,96.0,54,7
2023-04-28T19:31:33.476406,wheel,19005,211.3,96.0,54,7
2023-04-28T19:31:33.713639,crank,52853,223.3,96.2,54,7
2023-04-28T19:31:33.975939,wheel,19005,205.9,96.0,54,7
2023-04-28T19:31:34.212929,crank,52853,215.6,95.3,54,7
2023-04-28T19:31:34.475275,wheel,19005,212.1,96.0,54,7
2023-04-28T19:31:34.961925,crank,52853,212.4,96.5,54,7
2023-04-28T19:31:35.473977,wheel,19005,198.6,96.0,54,7
2023-04-28T19:31:35.711181,crank,52853,202.8,95.5,54,7
2023-04-28T19:31:35.973359,wheel,19005,183.0,95.0,54,7
2023-04-28T19:31:36.460378,crank,52853,200.7,96.3,54,7
2023-04-28T19:31:36.472847,wheel,19005,177.3,95.0,54,7
2023-04-28T19:31:36.709638,crank,52853,199.3,96.1,54,7
2023-04-28T19:31:37.221898,wheel,19005,184.9,96.0,54,7
2023-04-28T19:31:37.708566,crank,52853,199.7,95.3,54,7
2023-04-28T19:31:37.970905,wheel,19005,192.4,96.0,54,7
2023-04-28T19:31:38.207719,crank,52853,191.9,96.0,54,7
2023-04-28T19:31:38.470290,wheel,19005,164.4,96.0,54,7
2023-04-28T19:31:38.956878,crank,52853,186.6,96.2,54,7
2023-04-28T19:31:38.969741,wheel,19005,180.2,96.0,54,7
2023-04-28T19:31:39.206333,crank,52853,223.5,92.8,54,7
2023-04-28T19:31:39.718851,wheel,19005,188.1,96.0,54,7
2023-04-28T19:31:40.467835,wheel,19005,187.9,96.0,54,7
2023-04-28T19:31:40.704355,crank,52853,213.2,97.0,54,7
2023-04-28T19:31:40.967456,wheel,19005,189.1,95.0,54,7
2023-04-28T19:31:41.203683,crank,52853,217.6,96.2,54,7
2023-04-28T19:31:41.466695,wheel,19005,202.6,95.0,54,7
2023-04-28T19:31:41.952662,crank,52853,225.4,95.5,54,7
2023-04-28T19:31:42.215832,wheel,19005,188.0,96.0,54,7
2023-04-28T19:31:42.701918,crank,52853,204.8,96.5,54,7
2023-04-28T19:31:42.951367,crank,52853,192.4,96.2,54,7
2023-04-28T19:31:42.964740,wheel,19005,184.0,96.0,54,7
2023-04-28T19:31:43.464251,wheel,19005,185.5,96.0,54,7
2023-04-28T19:31:43.700413,crank,52853,202.0,96.5,54,7
2023-04-28T19:31:44.199802,crank,52853,215.5,94.9,54,7
2023-04-28T19:31:44.213289,wheel,19005,192.7,96.0,54,7
2023-04-28T19:31:44.962332,wheel,19005,192.7,96.0,54,7
2023-04-28T19:31:45.198430,crank,52853,208.8,97.0,54,7
2023-04-28T19:31:45.697764,crank,52853,186.7,95.7,54,7
2023-04-28T19:31:45.961172,wheel,19005,175.8,95.0,54,7
2023-04-28T19:31:46.446744,crank,52853,194.2,95.8,54,7
2023-04-28T19:31:46.460484,wheel,19005,183.3,95.0,54,7
2023-04-28T19:31:46.696848,crank,52853,198.3,95.1,54,7
2023-04-28T19:31:46.959854,wheel,19005,180.2,96.0,54,7
2023-04-28T19:31:47.459242,wheel,19005,172.8,96.0,54,7
2023-04-28T19:31:47.944988,crank,52853,189.1,96.1,54,7
2023-04-28T19:31:48.458132,wheel,19005,167.0,96.0,54,7
2023-04-28T19:31:48.693897,crank,52853,179.1,95.2,54,7
2023-04-28T19:31:48.957417,wheel,19005,165.3,96.0,54,7
2023-04-28T19:31:49.442797,crank,52853,190.7,94.9,54,7
2023-04-28T19:31:49.456791,wheel,19005,194.1,96.0,54,7
2023-04-28T19:31:49.956391,wheel,19005,197.4,96.0,54,7
2023-04-28T19:31:50.191807,crank,52853,219.1,95.6,54,7
2023-04-28T19:31:50.441676,crank,52853,226.3,95.1,54,7
2023-04-28T19:31:50.954959,wheel,19005,206.5,95.0,54,7
2023-04-28T19:31:51.454331,wheel,19005,189.5,95.0,54,7
2023-04-28T19:31:51.689905,crank,52853,205.3,96.0,54,7
2023-04-28T19:31:51.953712,wheel,19005,191.3,96.0,54,7
2023-04-28T19:31:52.439304,crank,52853,208.0,96.2,54,7
2023-04-28T19:31:52.453238,wheel,19005,196.5,96.0,54,7
2023-04-28T19:31:53.437635,crank,52853,198.6,95.7,54,7
2023-04-28T19:31:53.451889,wheel,19005,180.7,96.0,54,7
2023-04-28T19:31:53.687605,crank,52853,189.8,95.8,54,7
2023-04-28T19:31:53.951283,wheel,19005,182.0,96.0,54,7
2023-04-28T19:31:54.186811,crank,52853,192.3,95.4,54,7
2023-04-28T19:31:54.450653,wheel,19005,174.5,96.0,54,7
2023-04-28T19:31:54.936103,crank,52853,203.9,95.5,54,7
2023-04-28T19:31:54.950101,wheel,19005,180.2,96.0,54,7
2023-04-28T19:31:55.685404,crank,52853,202.3,95.2,54,7
2023-04-28T19:31:55.948802,wheel,19005,184.0,95.0,54,7
2023-04-28T19:31:56.434077,crank,52853,197.9,96.3,54,7
2023-04-28T19:31:56.448182,wheel,19005,195.1,95.0,54,7
2023-04-28T19:31:56.683781,crank,52853,202.2,95.2,54,7
2023-04-28T19:31:56.947811,wheel,19005,199.8,96.0,54,7
2023-04-28T19:31:57.433126,crank,52853,211.8,95.3,54,7
2023-04-28T19:31:57.696672,wheel,19005,187.8,96.0,54,7
2023-04-28T19:31:58.445764,wheel,19005,203.6,96.0,54,7
2023-04-28T19:31:58.681603,crank,52853,215.5,95.7,54,7
2023-04-28T19:31:58.945191,wheel,19005,176.7,96.0,54,7
2023-04-28T19:31:59.444639,wheel,19005,186.3,96.0,54,7
2023-04-28T19:31:59.680217,crank,52853,192.9,95.7,54,7
2023-04-28T19:31:59.944108,wheel,19005,188.5,96.0,54,7
2023-04-28T19:32:00.179672,crank,52853,196.8,95.8,54,7
2023-04-28T19:32:00.928659,crank,52853,195.1,95.4,54,7
2023-04-28T19:32:00.942655,wheel,19005,182.1,96.0,54,7
2023-04-28T19:32:01.178389,crank,52853,195.9,95.8,54,7
2023-04-28T19:32:01.442248,wheel,19005,198.1,95.0,54,7
2023-04-28T19:32:01.941557,wheel,19005,188.0,95.0,54,7
2023-04-28T19:32:02.426860,crank,52853,203.9,95.5,54,7
2023-04-28T19:32:02.440835,wheel,19005,188.5,96.0,54,7
2023-04-28T19:32:03.425680,crank,52853,191.5,95.3,54,7
2023-04-28T19:32:03.439615,wheel,19005,180.2,96.0,54,7
2023-04-28T19:32:03.925523,crank,52853,198.1,95.5,54,7
2023-04-28T19:32:03.939127,wheel,19005,186.5,96.0,54,7
2023-04-28T19:32:04.438498,wheel,19005,203.4,96.0,54,7
2023-04-28T19:32:04.674185,crank,52853,209.3,95.5,54,7
2023-04-28T19:32:04.923867,crank,52853,214.6,95.3,54,7
2023-04-28T19:32:04.937786,wheel,19005,187.8,96.0,54,7
2023-04-28T19:32:05.936563,wheel,19005,187.8,96.0,54,7
2023-04-28T19:32:06.172406,crank,52853,193.7,96.0,54,7
2023-04-28T19:32:06.436020,wheel,19005,182.7,95.0,54,7
2023-04-28T19:32:06.921439,crank,52853,199.5,95.2,54,7
2023-04-28T19:32:06.935299,wheel,19005,174.0,95.0,54,7
2023-04-28T19:32:07.434717,wheel,19005,190.5,96.0,54,7
2023-04-28T19:32:07.920323,crank,52853,196.5,96.1,54,7
2023-04-28T19:32:08.433698,wheel,19005,198.3,96.0,54,7
2023-04-28T19:32:08.669417,crank,52853,204.3,95.7,54,7
2023-04-28T19:32:09.418461,crank,52853,200.9,95.5,54,7
2023-04-28T19:32:09.432305,wheel,19005,181.9,96.0,54,7
2023-04-28T19:32:09.931641,wheel,19005,186.5,96.0,54,7
2023-04-28T19:32:10.167787,crank,52853,202.9,95.5,54,7
2023-04-28T19:32:10.431021,wheel,19005,190.2,96.0,54,7
2023-04-28T19:32:10.916907,crank,52853,203.4,96.2,54,7
2023-04-28T19:32:11.166368,crank,52853,201.2,96.1,54,7
2023-04-28T19:32:11.679683,wheel,19005,189.2,95.0,54,7
2023-04-28T19:32:11.915508,crank,52853,202.3,95.7,54,7
2023-04-28T19:32:11.929196,wheel,19005,193.0,95.0,54,7
2023-04-28T19:32:12.414890,crank,52853,202.0,96.5,54,7
2023-04-28T19:32:12.428573,wheel,19005,190.0,96.0,54,7
2023-04-28T19:32:12.928232,wheel,19005,182.6,96.0,54,7
2023-04-28T19:32:13.164027,crank,52853,208.5,95.1,54,7
2023-04-28T19:32:13.913073,crank,52853,201.5,96.7,54,7
2023-04-28T19:32:14.176582,wheel,19005,180.5,96.0,54,7
2023-04-28T19:32:14.426123,wheel,19005,180.1,96.0,54,7
2023-04-28T19:32:14.662405,crank,52853,180.6,96.0,54,7
2023-04-28T19:32:14.911888,crank,52853,187.2,96.0,54,7
2023-04-28T19:32:14.925497,wheel,19005,175.2,96.0,54,7
2023-04-28T19:32:15.660984,crank,52853,202.5,95.3,54,7
2023-04-28T19:32:15.924287,wheel,19005,180.6,96.0,54,7
2023-04-28T19:32:16.410080,crank,52853,207.8,95.6,54,7
2023-04-28T19:32:16.923051,wheel,19005,180.9,95.0,54,7
2023-04-28T19:32:17.159176,crank,52853,204.7,96.4,54,7
2023-04-28T19:32:17.422687,wheel,19005,188.7,96.0,54,7
2023-04-28T19:32:17.658606,crank,52853,212.0,95.8,54,7
2023-04-28T19:32:17.921932,wheel,19005,205.8,96.0,54,7
2023-04-28T19:32:18.407671,crank,52853,213.7,96.6,54,7
2023-04-28T19:32:18.657847,crank,52853,211.0,96.7,54,7
2023-04-28T19:32:18.671012,wheel,19005,189.9,97.0,54,7
2023-04-28T19:32:19.420003,wheel,19005,182.7,97.0,54,7
2023-04-28T19:32:19.919560,wheel,19005,191.1,97.0,54,7
2023-04-28T19:32:20.155582,crank,52853,204.7,97.0,54,7
2023-04-28T19:32:20.418920,wheel,19005,172.8,97.0,54,7
2023-04-28T19:32:20.655053,crank,52853,183.5,96.5,54,7
2023-04-28T19:32:20.918145,wheel,19005,172.8,97.0,54,7
2023-04-28T19:32:21.404077,crank,52853,196.3,96.5,54,7
2023-04-28T19:32:21.917175,wheel,19005,176.3,96.0,54,7
2023-04-28T19:32:22.153088,crank,52853,195.1,95.4,54,7
2023-04-28T19:32:22.416410,wheel,19005,181.5,97.0,54,7
2023-04-28T19:32:22.902007,crank,52853,203.0,96.9,54,7
2023-04-28T19:32:22.915701,wheel,19005,192.7,97.0,54,7
2023-04-28T19:32:23.152250,crank,52853,206.2,96.2,54,7
2023-04-28T19:32:23.415118,wheel,19005,196.7,97.0,54,7
2023-04-28T19:32:23.651290,crank,52853,204.8,96.5,54,7
2023-04-28T19:32:24.414091,wheel,19005,185.4,97.0,54,7
2023-04-28T19:32:24.649720,crank,52853,208.1,95.8,54,7
2023-04-28T19:32:24.913348,wheel,19005,178.8,97.0,54,7
2023-04-28T19:32:25.412635,wheel,19005,187.6,97.0,54,7
2023-04-28T19:32:25.648665,crank,52853,199.2,96.7,54,7
2023-04-28T19:32:25.912027,wheel,19005,194.8,97.0,54,7
2023-04-28T19:32:26.147754,crank,52853,211.4,97.3,54,7
2023-04-28T19:32:26.897037,crank,52853,211.4,95.5,54,7
2023-04-28T19:32:26.910860,wheel,19005,192.2,96.0,54,7
2023-04-28T19:32:27.646256,crank,52853,197.4,97.0,54,7
2023-04-28T19:32:27.660063,wheel,19005,190.8,97.0,54,7
2023-04-28T19:32:27.909554,wheel,19005,188.4,97.0,54,7
2023-04-28T19:32:28.394785,crank,52853,195.8,96.7,54,7
2023-04-28T19:32:28.408934,wheel,19005,199.7,97.0,54,7
2023-04-28T19:32:28.644439,crank,52853,208.4,95.9,54,7
2023-04-28T19:32:29.393716,crank,52853,203.4,95.8,54,7
2023-04-28T19:32:29.407828,wheel,19005,196.7,97.0,54,7
2023-04-28T19:32:29.892780,crank,52853,203.4,96.7,54,7
2023-04-28T19:32:30.156866,wheel,19005,189.5,97.0,54,7
2023-04-28T19:32:30.406573,wheel,19005,182.6,97.0,54,7
2023-04-28T19:32:30.641821,crank,52853,201.1,94.7,54,7
2023-04-28T19:32:30.905970,wheel,19005,180.6,97.0,54,7
2023-04-28T19:32:31.391020,crank,52853,204.1,97.0,54,7
2023-04-28T19:32:31.904650,wheel,19005,184.3,95.0,54,7
2023-04-28T19:32:32.140372,crank,52853,195.7,96.2,54,7
2023-04-28T19:32:32.389504,crank,52853,187.8,96.3,54,7
2023-04-28T19:32:32.653864,wheel,19005,178.2,97.0,54,7
2023-04-28T19:32:33.138528,crank,52853,177.1,95.6,54,7
2023-04-28T19:32:33.153116,wheel,19005,172.4,97.0,54,7
2023-04-28T19:32:33.402972,wheel,19005,160.3,96.0,54,7
2023-04-28T19:32:33.637859,crank,52853,167.5,95.5,54,7
2023-04-28T19:32:34.386834,crank,52853,172.9,94.9,54,7
2023-04-28T19:32:34.401618,wheel,19005,161.8,96.0,54,7
2023-04-28T19:32:34.900970,wheel,19005,174.2,96.0,54,7
2023-04-28T19:32:35.136106,crank,52853,190.2,96.1,54,7
2023-04-28T19:32:35.400386,wheel,19005,179.6,96.0,54,7
2023-04-28T19:32:35.885059,crank,52853,197.7,94.4,54,7
2023-04-28T19:32:35.899843,wheel,19005,198.2,96.0,54,7
2023-04-28T19:32:36.634325,crank,52853,211.4,95.5,54,7
2023-04-28T19:32:36.883551,crank,52853,206.7,95.5,54,7
2023-04-28T19:32:36.898535,wheel,19005,185.9,95.0,54,7
2023-04-28T19:32:37.382856,crank,52853,196.4,95.5,54,7
2023-04-28T19:32:37.397887,wheel,19005,186.0,96.0,54,7
2023-04-28T19:32:37.897511,wheel,19005,181.3,96.0,54,7
2023-04-28T19:32:38.131926,crank,52853,195.4,95.5,54,7
2023-04-28T19:32:38.396755,wheel,19005,176.0,96.0,54,7
2023-04-28T19:32:39.131013,crank,52853,196.5,95.6,54,7
2023-04-28T19:32:39.395462,wheel,19005,193.5,96.0,54,7
2023-04-28T19:32:39.879586,crank,52853,203.2,95.4,54,7
2023-04-28T19:32:39.894859,wheel,19005,178.0,96.0,54,7
2023-04-28T19:32:40.394350,wheel,19005,181.5,96.0,54,7
2023-04-28T19:32:40.628591,crank,52853,209.5,96.0,54,7
2023-04-28T19:32:40.893680,wheel,19005,186.1,96.0,54,7
2023-04-28T19:32:41.377632,crank,52853,206.7,95.5,54,7
2023-04-28T19:32:41.892379,wheel,19005,196.7,95.0,54,7
2023-04-28T19:32:42.126620,crank,52853,216.1,96.0,54,7
2023-04-28T19:32:42.392003,wheel,19005,190.5,96.0,54,7
2023-04-28T19:32:42.875862,crank,52853,211.2,95.5,54,7
2023-04-28T19:32:42.891246,wheel,19005,180.2,96.0,54,7
2023-04-28T19:32:43.125270,crank,52853,210.1,96.7,54,7
2023-04-28T19:32:43.390545,wheel,19005,191.5,96.0,54,7
2023-04-28T19:32:43.625123,crank,52853,209.0,95.3,54,7
2023-04-28T19:32:44.373659,crank,52853,200.3,97.0,54,7
2023-04-28T19:32:44.389287,wheel,19005,191.4,97.0,54,7
2023-04-28T19:32:44.889005,wheel,19005,174.0,97.0,54,7
2023-04-28T19:32:45.372531,crank,52853,177.5,95.8,54,7
2023-04-28T19:32:45.388193,wheel,19005,151.7,96.0,54,7
2023-04-28T19:32:45.871649,crank,52853,173.1,95.5,54,7
2023-04-28T19:32:46.137278,wheel,19005,169.9,96.0,54,7
2023-04-28T19:32:46.620660,crank,52853,183.5,96.0,54,7
2023-04-28T19:32:46.870804,crank,52853,191.7,95.4,54,7
2023-04-28T19:32:47.369872,crank,52853,197.3,95.5,54,7
2023-04-28T19:32:47.385703,wheel,19005,181.5,96.0,54,7
2023-04-28T19:32:47.885020,wheel,19005,191.5,96.0,54,7
2023-04-28T19:32:48.368382,crank,52853,203.4,96.2,54,7
2023-04-28T19:32:48.634205,wheel,19005,202.9,96.0,54,7
2023-04-28T19:32:48.867673,crank,52853,212.4,96.0,54,7
2023-04-28T19:32:48.883802,wheel,19005,203.6,96.0,54,7
2023-04-28T19:32:49.616702,crank,52853,216.7,95.4,54,7
2023-04-28T19:32:49.866582,crank,52853,207.5,96.4,54,7
2023-04-28T19:32:49.882638,wheel,19005,184.5,96.0,54,7
2023-04-28T19:32:50.381942,wheel,19005,188.9,97.0,54,7
2023-04-28T19:32:50.615587,crank,52853,201.5,96.2,54,7
2023-04-28T19:32:50.881340,wheel,19005,188.4,97.0,54,7
2023-04-28T19:32:51.114712,crank,52853,212.6,97.0,54,7
2023-04-28T19:32:51.380985,wheel,19005,187.4,96.0,54,7
2023-04-28T19:32:51.863944,crank,52853,209.1,95.8,54,7
2023-04-28T19:32:52.379492,wheel,19005,179.6,97.0,54,7
2023-04-28T19:32:52.613238,crank,52853,206.9,97.0,54,7
2023-04-28T19:32:52.878902,wheel,19005,190.2,97.0,54,7
2023-04-28T19:32:53.361754,crank,52853,197.7,96.7,54,7
2023-04-28T19:32:53.378288,wheel,19005,201.7,97.0,54,7
2023-04-28T19:32:53.611482,crank,52853,193.0,96.5,54,7
2023-04-28T19:32:53.877853,wheel,19005,179.1,97.0,54,7
2023-04-28T19:32:54.360790,crank,52853,199.5,95.7,54,7
2023-04-28T19:32:55.109884,crank,52853,207.7,96.5,54,7
2023-04-28T19:32:55.375827,wheel,19005,183.4,97.0,54,7
2023-04-28T19:32:55.858950,crank,52853,202.5,96.2,54,7
2023-04-28T19:32:55.875285,wheel,19005,180.3,97.0,54,7
2023-04-28T19:32:56.108469,crank,52853,203.0,96.9,54,7
2023-04-28T19:32:56.374695,wheel,19005,182.3,96.0,54,7
2023-04-28T19:32:56.857545,crank,52853,193.7,96.4,54,7
2023-04-28T19:32:57.356969,crank,52853,196.8,96.2,54,7
2023-04-28T19:32:57.373355,wheel,19005,188.2,97.0,54,7
2023-04-28T19:32:57.872773,wheel,19005,181.9,97.0,54,7
2023-04-28T19:32:58.106085,crank,52853,212.9,95.4,54,7
2023-04-28T19:32:58.372300,wheel,19005,171.5,97.0,54,7
2023-04-28T19:32:58.855380,crank,52853,206.3,97.1,54,7
2023-04-28T19:32:58.871592,wheel,19005,189.4,97.0,54,7
2023-04-28T19:32:59.604487,crank,52853,201.2,96.5,54,7
2023-04-28T19:32:59.853996,crank,52853,217.8,96.8,54,7
2023-04-28T19:32:59.870288,wheel,19005,195.5,97.0,54,7
2023-04-28T19:33:00.369769,wheel,19005,219.9,97.0,54,7
2023-04-28T19:33:00.603064,crank,52853,219.4,96.6,54,7
2023-04-28T19:33:00.869174,wheel,19005,201.8,97.0,54,7
2023-04-28T19:33:01.352179,crank,52853,225.4,96.8,54,7
2023-04-28T19:33:01.368462,wheel,19005,214.3,96.0,54,7
2023-04-28T19:33:01.851593,crank,52853,221.8,97.7,54,7
2023-04-28T19:33:02.367246,wheel,19005,199.0,98.0,54,7
2023-04-28T19:33:02.600689,crank,52853,207.7,96.9,54,7
2023-04-28T19:33:02.866826,wheel,19005,195.5,98.0,54,7
2023-04-28T19:33:03.349984,crank,52853,202.8,97.8,54,7
2023-04-28T19:33:03.366077,wheel,19005,182.8,98.0,54,7
2023-04-28T19:33:03.599614,crank,52853,191.9,96.5,54,7
2023-04-28T19:33:03.865386,wheel,19005,171.6,98.0,54,7
2023-04-28T19:33:04.848386,crank,52853,197.9,96.8,54,7
2023-04-28T19:33:04.864337,wheel,19005,184.5,97.0,54,7
2023-04-28T19:33:05.363652,wheel,19005,190.9,97.0,54,7
2023-04-28T19:33:05.597076,crank,52853,195.3,97.2,54,7
2023-04-28T19:33:05.862947,wheel,19005,182.3,97.0,54,7
2023-04-28T19:33:06.362335,wheel,19005,201.4,96.0,54,7
2023-04-28T19:33:06.596059,crank,52853,210.9,96.6,54,7
2023-04-28T19:33:07.345348,crank,52853,219.9,96.2,54,7
2023-04-28T19:33:07.361195,wheel,19005,193.9,97.0,54,7
2023-04-28T19:33:07.860576,wheel,19005,204.1,97.0,54,7
2023-04-28T19:35:39.409123,crank,52853,172.2,89.2,54,8
2023-04-28T19:35:39.673992,wheel,19005,169.6,89.0,54,8
2023-04-28T19:35:40.157863,crank,52853,178.2,88.4,54,8
2023-04-28T19:35:40.173342,wheel,19005,182.4,88.0,54,8
2023-04-28T19:35:40.672861,wheel,19005,188.3,88.0,54,8
2023-04-28T19:35:41.156864,crank,52853,193.9,88.0,54,8
2023-04-28T19:35:41.172204,wheel,19005,192.1,88.0,54,8
2023-04-28T19:35:41.906155,crank,52853,202.5,88.4,54,8
2023-04-28T19:35:42.170913,wheel,19005,192.3,87.0,54,8
2023-04-28T19:35:42.405188,crank,52853,211.2,88.4,54,8
2023-04-28T19:35:42.654896,crank,52853,219.1,88.8,54,8
2023-04-28T19:35:42.670279,wheel,19005,201.2,87.0,54,8
2023-04-28T19:35:43.169746,wheel,19005,197.9,88.0,54,8
2023-04-28T19:35:43.403948,crank,52853,211.0,90.5,54,8
2023-04-28T19:35:43.669067,wheel,19005,213.1,88.0,54,8
2023-04-28T19:35:44.153103,crank,52853,221.1,87.3,54,8
2023-04-28T19:35:44.667827,wheel,19005,216.8,89.0,54,8
2023-04-28T19:35:44.902149,crank,52853,219.5,89.3,54,8
2023-04-28T19:35:45.167301,wheel,19005,171.3,89.0,54,8
2023-04-28T19:35:45.651231,crank,52853,185.1,88.8,54,8
2023-04-28T19:35:45.666599,wheel,19005,159.8,89.0,54,8
2023-04-28T19:35:46.166066,wheel,19005,181.4,88.0,54,8
2023-04-28T19:35:46.400588,crank,52853,182.7,88.5,54,8
2023-04-28T19:35:47.149657,crank,52853,178.5,88.8,54,8
2023-04-28T19:35:47.164851,wheel,19005,166.1,87.0,54,8
2023-04-28T19:35:47.399144,crank,52853,182.4,88.3,54,8
2023-04-28T19:35:47.664168,wheel,19005,184.3,87.0,54,8
2023-04-28T19:35:48.148237,crank,52853,190.3,88.0,54,8
2023-04-28T19:35:48.163502,wheel,19005,183.5,88.0,54,8
2023-04-28T19:35:48.662907,wheel,19005,191.6,88.0,54,8
2023-04-28T19:35:48.897337,crank,52853,191.1,88.0,54,8
2023-04-28T19:35:49.646680,crank,52853,191.1,88.3,54,8
2023-04-28T19:35:49.661766,wheel,19005,169.0,88.0,54,8
2023-04-28T19:35:50.145848,crank,52853,183.8,88.1,54,8
2023-04-28T19:35:50.161108,wheel,19005,179.8,88.0,54,8
2023-04-28T19:35:50.660469,wheel,19005,188.7,88.0,54,8
2023-04-28T19:35:50.894962,crank,52853,183.7,86.9,54,8
2023-04-28T19:35:51.159996,wheel,19005,179.7,88.0,54,8
2023-04-28T19:35:51.644302,crank,52853,192.7,87.9,54,8
2023-04-28T19:35:52.158624,wheel,19005,169.9,86.0,54,8
2023-04-28T19:35:52.642845,crank,52853,195.9,87.0,54,8
2023-04-28T19:35:52.657989,wheel,19005,167.0,86.0,54,8
2023-04-28T19:35:53.157715,wheel,19005,186.4,87.0,54,8
2023-04-28T19:35:53.391975,crank,52853,195.8,88.9,54,8
2023-04-28T19:35:53.656883,wheel,19005,183.1,87.0,54,8
2023-04-28T19:35:53.891355,crank,52853,190.1,87.9,54,8
2023-04-28T19:35:54.640457,crank,52853,209.3,87.3,54,8
2023-04-28T19:35:54.655543,wheel,19005,202.4,87.0,54,8
2023-04-28T19:35:54.890215,crank,52853,222.3,87.8,54,8
2023-04-28T19:35:55.155099,wheel,19005,206.0,88.0,54,8
2023-04-28T19:35:55.639315,crank,52853,220.7,87.7,54,8
2023-04-28T19:35:55.654406,wheel,19005,191.8,88.0,54,8
2023-04-28T19:35:56.153727,wheel,19005,194.8,88.0,54,8
2023-04-28T19:35:56.388520,crank,52853,217.7,88.6,54,8
2023-04-28T19:35:57.137864,crank,52853,206.0,87.0,54,8
2023-04-28T19:35:57.152603,wheel,19005,189.5,88.0,54,8
2023-04-28T19:35:57.637081,crank,52853,203.5,89.2,54,8
2023-04-28T19:35:57.901554,wheel,19005,176.4,87.0,54,8
2023-04-28T19:35:58.635649,crank,52853,190.3,88.8,54,8
2023-04-28T19:35:58.650636,wheel,19005,190.2,88.0,54,8
2023-04-28T19:35:59.135104,crank,52853,189.9,88.2,54,8
2023-04-28T19:35:59.150040,wheel,19005,183.9,88.0,54,8
2023-04-28T19:35:59.884153,crank,52853,178.2,88.0,54,8
2023-04-28T19:36:00.148796,wheel,19005,162.4,88.0,54,8
2023-04-28T19:36:00.648247,wheel,19005,176.6,88.0,54,8
2023-04-28T19:36:00.883201,crank,52853,175.6,87.8,54,8
2023-04-28T19:36:01.132785,crank,52853,194.8,87.3,54,8
2023-04-28T19:36:01.397275,wheel,19005,183.6,88.0,54,8
2023-04-28T19:36:01.647058,wheel,19005,186.6,87.0,54,8
2023-04-28T19:36:01.881771,crank,52853,203.6,87.8,54,8
2023-04-28T19:36:02.645735,wheel,19005,184.2,86.0,54,8
2023-04-28T19:36:03.130313,crank,52853,204.6,87.8,54,8
2023-04-28T19:36:03.644661,wheel,19005,179.8,88.0,54,8
2023-04-28T19:36:03.879382,crank,52853,203.2,88.0,54,8
2023-04-28T19:36:04.143903,wheel,19005,186.9,88.0,54,8
2023-04-28T19:36:04.628464,crank,52853,207.3,88.2,54,8
2023-04-28T19:36:05.142682,wheel,19005,179.2,88.0,54,8
2023-04-28T19:36:05.377563,crank,52853,202.1,87.5,54,8
2023-04-28T19:36:05.642133,wheel,19005,183.5,88.0,54,8
2023-04-28T19:36:06.126653,crank,52853,196.6,88.8,54,8
2023-04-28T19:36:06.141419,wheel,19005,175.6,88.0,54,8
2023-04-28T19:36:06.640843,wheel,19005,197.6,88.0,54,8
2023-04-28T19:36:06.876012,crank,52853,201.3,87.5,54,8
2023-04-28T19:36:07.625074,crank,52853,214.8,88.5,54,8
2023-04-28T19:36:07.639783,wheel,19005,195.4,87.0,54,8
2023-04-28T19:36:07.874555,crank,52853,215.2,88.3,54,8
2023-04-28T19:36:08.139002,wheel,19005,199.5,87.0,54,8
2023-04-28T19:36:08.638385,wheel,19005,202.9,88.0,54,8
2023-04-28T19:36:09.123058,crank,52853,218.2,88.1,54,8
2023-04-28T19:36:09.137766,wheel,19005,203.5,88.0,54,8
2023-04-28T19:36:09.372784,crank,52853,217.8,88.3,54,8
2023-04-28T19:36:10.386244,wheel,19005,204.6,88.0,54,8
2023-04-28T19:36:10.635916,wheel,19005,202.8,88.0,54,8
2023-04-28T19:36:10.871093,crank,52853,218.7,88.3,54,8
2023-04-28T19:36:11.135301,wheel,19005,199.8,88.0,54,8
2023-04-28T19:36:11.370428,crank,52853,218.8,89.0,54,8
2023-04-28T19:36:11.634917,wheel,19005,191.9,88.0,54,8
2023-04-28T19:36:12.119667,crank,52853,195.4,88.3,54,8
2023-04-28T19:36:12.883265,wheel,19005,161.9,87.0,54,8
2023-04-28T19:36:13.118269,crank,52853,173.3,88.8,54,8
2023-04-28T19:36:13.132853,wheel,19005,161.4,87.0,54,8
2023-04-28T19:36:13.618143,crank,52853,169.2,87.6,54,8
2023-04-28T19:36:13.632381,wheel,19005,154.4,88.0,54,8
2023-04-28T19:36:14.131709,wheel,19005,178.4,88.0,54,8
2023-04-28T19:36:14.366778,crank,52853,186.0,87.6,54,8
2023-04-28T19:36:15.115853,crank,52853,196.9,87.8,54,8
2023-04-28T19:36:15.130425,wheel,19005,174.4,88.0,54,8
2023-04-28T19:36:15.629974,wheel,19005,180.7,88.0,54,8
2023-04-28T19:36:15.864992,crank,52853,192.1,88.0,54,8
2023-04-28T19:36:16.129268,wheel,19005,177.8,88.0,54,8
2023-04-28T19:36:16.364373,crank,52853,191.8,87.9,54,8
2023-04-28T19:36:16.628558,wheel,19005,184.4,88.0,54,8
2023-04-28T19:36:16.864032,crank,52853,195.7,88.1,54,8
2023-04-28T19:36:17.613332,crank,52853,193.0,87.6,54,8
2023-04-28T19:36:17.627501,wheel,19005,173.5,87.0,54,8
2023-04-28T19:36:18.126806,wheel,19005,170.2,87.0,54,8
2023-04-28T19:36:18.611693,crank,52853,186.5,87.8,54,8
2023-04-28T19:36:18.626094,wheel,19005,178.1,87.0,54,8
2023-04-28T19:36:19.111079,crank,52853,184.3,87.6,54,8
2023-04-28T19:36:19.125485,wheel,19005,188.0,87.0,54,8
2023-04-28T19:36:19.860172,crank,52853,197.2,87.6,54,8
2023-04-28T19:36:20.124341,wheel,19005,177.6,87.0,54,8
2023-04-28T19:36:20.609268,crank,52853,196.5,87.6,54,8
2023-04-28T19:36:20.623639,wheel,19005,176.4,87.0,54,8
2023-04-28T19:36:20.859401,crank,52853,199.6,87.5,54,8
2023-04-28T19:36:21.123040,wheel,19005,199.0,87.0,54,8
2023-04-28T19:36:21.608095,crank,52853,203.4,88.0,54,8
2023-04-28T19:36:21.622425,wheel,19005,184.9,88.0,54,8
2023-04-28T19:36:22.357175,crank,52853,200.1,87.7,54,8
2023-04-28T19:36:22.621244,wheel,19005,179.9,87.0,54,8
2023-04-28T19:36:23.106247,crank,52853,207.0,88.1,54,8
2023-04-28T19:36:23.120559,wheel,19005,193.7,87.0,54,8
2023-04-28T19:36:23.605682,crank,52853,208.2,87.9,54,8
2023-04-28T19:36:23.619954,wheel,19005,197.4,87.0,54,8
2023-04-28T19:36:24.119583,wheel,19005,195.1,88.0,54,8
2023-04-28T19:36:24.354766,crank,52853,209.4,88.4,54,8
2023-04-28T19:36:25.103865,crank,52853,195.3,87.9,54,8
2023-04-28T19:36:25.118095,wheel,19005,171.7,88.0,54,8
2023-04-28T19:36:25.617570,wheel,19005,157.3,88.0,54,8
2023-04-28T19:36:26.366590,wheel,19005,167.3,88.0,54,8
2023-04-28T19:36:26.602299,crank,52853,180.8,88.4,54,8
2023-04-28T19:36:27.115661,wheel,19005,177.9,88.0,54,8
2023-04-28T19:36:27.351397,crank,52853,186.5,87.8,54,8
2023-04-28T19:36:28.100758,crank,52853,201.1,87.4,54,8
2023-04-28T19:36:28.115079,wheel,19005,177.3,87.0,54,8
2023-04-28T19:36:28.349971,crank,52853,193.2,88.5,54,8
2023-04-28T19:36:28.863517,wheel,19005,185.9,87.0,54,8
2023-04-28T19:36:29.598477,crank,52853,193.6,87.5,54,8
2023-04-28T19:36:29.612603,wheel,19005,191.0,88.0,54,8
2023-04-28T19:36:29.848173,crank,52853,208.4,88.0,54,8
2023-04-28T19:36:30.112227,wheel,19005,178.9,88.0,54,8
2023-04-28T19:36:30.347563,crank,52853,195.9,88.1,54,8
2023-04-28T19:36:31.096676,crank,52853,189.4,88.0,54,8
2023-04-28T19:36:31.360665,wheel,19005,175.9,88.0,54,8
2023-04-28T19:36:31.610145,wheel,19005,180.9,88.0,54,8
2023-04-28T19:36:32.095527,crank,52853,190.3,88.0,54,8
2023-04-28T19:36:32.109556,wheel,19005,165.1,88.0,54,8
2023-04-28T19:36:32.609019,wheel,19005,175.7,88.0,54,8
2023-04-28T19:36:32.844582,crank,52853,185.0,87.5,54,8
2023-04-28T19:36:33.607693,wheel,19005,173.9,87.0,54,8
2023-04-28T19:36:33.843575,crank,52853,182.2,87.8,54,8
2023-04-28T19:36:34.107083,wheel,19005,191.0,88.0,54,8
2023-04-28T19:36:34.592682,crank,52853,208.3,87.2,54,8
2023-04-28T19:36:34.606520,wheel,19005,210.5,88.0,54,8
2023-04-28T19:36:35.105829,wheel,19005,223.9,88.0,54,8
2023-04-28T19:36:35.342058,crank,52853,225.5,88.0,54,8
2023-04-28T19:36:35.841196,crank,52853,221.4,88.7,54,8
2023-04-28T19:36:36.104623,wheel,19005,206.0,88.0,54,8
2023-04-28T19:36:36.590315,crank,52853,211.3,88.1,54,8
2023-04-28T19:36:36.604086,wheel,19005,187.9,88.0,54,8
2023-04-28T19:36:37.103404,wheel,19005,193.3,88.0,54,8
2023-04-28T19:36:37.339619,crank,52853,209.1,89.0,54,8
2023-04-28T19:36:38.088292,crank,52853,206.7,88.3,54,8
2023-04-28T19:36:38.601678,wheel,19005,196.7,87.0,54,8
2023-04-28T19:36:38.837370,crank,52853,213.8,88.4,54,8
2023-04-28T19:36:39.100956,wheel,19005,185.9,88.0,54,8
2023-04-28T19:36:39.836419,crank,52853,214.1,89.2,54,8
2023-04-28T19:36:39.850092,wheel,19005,194.5,88.0,54,8
2023-04-28T19:36:40.099746,wheel,19005,187.2,89.0,54,8
2023-04-28T19:36:40.335587,crank,52853,205.2,88.5,54,8
2023-04-28T19:36:40.585539,crank,52853,198.7,89.0,54,8
2023-04-28T19:36:41.098623,wheel,19005,177.1,89.0,54,8
2023-04-28T19:36:41.334481,crank,52853,192.6,88.7,54,8
2023-04-28T19:36:41.597889,wheel,19005,168.7,89.0,54,8
2023-04-28T19:36:42.083466,crank,52853,186.9,88.4,54,8
2023-04-28T19:36:42.097277,wheel,19005,172.4,89.0,54,8
2023-04-28T19:36:42.583317,crank,52853,181.5,89.2,54,8
2023-04-28T19:36:42.596870,wheel,19005,173.9,89.0,54,8
2023-04-28T19:36:43.581653,crank,52853,182.3,88.7,54,8
2023-04-28T19:36:43.845199,wheel,19005,176.1,87.0,54,8
2023-04-28T19:36:44.081096,crank,52853,185.2,88.4,54,8
2023-04-28T19:36:44.094799,wheel,19005,166.4,88.0,54,8
2023-04-28T19:36:44.830175,crank,52853,184.3,88.4,54,8
2023-04-28T19:36:44.843872,wheel,19005,179.2,88.0,54,8
2023-04-28T19:36:45.093667,wheel,19005,185.8,88.0,54,8
2023-04-28T19:36:45.579245,crank,52853,188.3,87.8,54,8
2023-04-28T19:36:46.092345,wheel,19005,164.2,88.0,54,8
2023-04-28T19:36:46.328375,crank,52853,191.0,88.7,54,8
2023-04-28T19:36:46.591983,wheel,19005,182.1,88.0,54,8
2023-04-28T19:36:47.327183,crank,52853,199.1,88.0,54,8
2023-04-28T19:36:47.340825,wheel,19005,201.4,88.0,54,8
2023-04-28T19:36:47.590501,wheel,19005,194.2,88.0,54,8
2023-04-28T19:36:48.325945,crank,52853,201.9,88.9,54,8
2023-04-28T19:36:48.589556,wheel,19005,187.4,87.0,54,8
2023-04-28T19:36:48.825398,crank,52853,202.9,89.0,54,8
2023-04-28T19:36:49.088724,wheel,19005,185.0,88.0,54,8
2023-04-28T19:36:49.574465,crank,52853,200.3,88.2,54,8
2023-04-28T19:36:49.588044,wheel,19005,187.7,88.0,54,8
2023-04-28T19:36:50.087465,wheel,19005,187.2,89.0,54,8
2023-04-28T19:36:50.573346,crank,52853,209.0,88.6,54,8
2023-04-28T19:36:51.072778,crank,52853,205.6,88.6,54,8
2023-04-28T19:36:51.086265,wheel,19005,180.5,88.0,54,8
2023-04-28T19:36:51.585605,wheel,19005,178.6,88.0,54,8
2023-04-28T19:36:51.822016,crank,52853,191.8,88.7,54,8
2023-04-28T19:36:52.071497,crank,52853,197.4,88.8,54,8
2023-04-28T19:36:52.084966,wheel,19005,191.3,88.0,54,8
2023-04-28T19:36:52.584371,wheel,19005,189.2,88.0,54,8
2023-04-28T19:36:52.820564,crank,52853,195.4,88.3,54,8
2023-04-28T19:36:53.569665,crank,52853,188.3,88.7,54,8
2023-04-28T19:36:53.583135,wheel,19005,173.0,87.0,54,8
2023-04-28T19:36:54.082529,wheel,19005,181.9,87.0,54,8
2023-04-28T19:36:54.581952,wheel,19005,197.2,88.0,54,8
2023-04-28T19:36:54.818187,crank,52853,207.4,88.3,54,8
2023-04-28T19:36:55.081388,wheel,19005,193.4,88.0,54,8
2023-04-28T19:36:55.567289,crank,52853,223.3,87.8,54,8
2023-04-28T19:36:56.080073,wheel,19005,201.0,88.0,54,8
2023-04-28T19:36:56.316636,crank,52853,223.3,88.7,54,8
2023-04-28T19:36:56.579491,wheel,19005,196.8,89.0,54,8
2023-04-28T19:36:57.065716,crank,52853,218.3,89.9,54,8
2023-04-28T19:36:57.078860,wheel,19005,195.1,89.0,54,8
2023-04-28T19:36:57.578242,wheel,19005,201.6,89.0,54,8
2023-04-28T19:36:57.815122,crank,52853,214.9,89.2,54,8
2023-04-28T19:36:58.563692,crank,52853,204.8,89.0,54,8
2023-04-28T19:36:58.577013,wheel,19005,194.3,88.0,54,8
2023-04-28T19:36:59.076503,wheel,19005,181.1,88.0,54,8
2023-04-28T19:36:59.562488,crank,52853,185.2,89.0,54,8
2023-04-28T19:36:59.575771,wheel,19005,186.8,89.0,54,8
2023-04-28T19:37:00.311830,crank,52853,195.8,88.9,54,8
2023-04-28T19:37:00.824238,wheel,19005,192.9,89.0,54,8
2023-04-28T19:37:01.060899,crank,52853,207.8,88.1,54,8
2023-04-28T19:37:01.560043,crank,52853,216.1,89.4,54,8
2023-04-28T19:37:01.573366,wheel,19005,195.7,89.0,54,8
2023-04-28T19:37:02.072716,wheel,19005,210.1,89.0,54,8
2023-04-28T19:37:02.309279,crank,52853,225.9,88.1,54,8
2023-04-28T19:37:02.572105,wheel,19005,202.3,89.0,54,8
2023-04-28T19:37:03.307971,crank,52853,228.8,90.3,54,8
2023-04-28T19:37:03.321164,wheel,19005,193.9,89.0,54,8
2023-04-28T19:37:03.557705,crank,52853,213.0,89.2,54,8
2023-04-28T19:37:04.070253,wheel,19005,194.3,88.0,54,8
2023-04-28T19:37:04.307015,crank,52853,209.2,89.0,54,8
2023-04-28T19:37:04.569630,wheel,19005,184.4,89.0,54,8
2023-04-28T19:37:05.056082,crank,52853,215.3,89.0,54,8
2023-04-28T19:37:05.069207,wheel,19005,197.1,89.0,54,8
2023-04-28T19:37:05.555277,crank,52853,205.6,90.2,54,8
2023-04-28T19:37:05.818112,wheel,19005,178.8,89.0,54,8
2023-04-28T19:37:06.304610,crank,52853,181.3,89.5,54,8
2023-04-28T19:37:06.816879,wheel,19005,175.8,89.0,54,8
2023-04-28T19:37:07.053999,crank,52853,188.3,90.3,54,8
2023-04-28T19:37:07.066833,wheel,19005,190.7,89.0,54,8
2023-04-28T19:37:07.566022,wheel,19005,199.8,89.0,54,8
2023-04-28T19:37:07.802611,crank,52853,203.1,87.5,54,8
2023-04-28T19:37:08.065343,wheel,19005,210.9,89.0,54,8
2023-04-28T19:37:08.551684,crank,52853,223.1,89.7,54,8
2023-04-28T19:37:09.064479,wheel,19005,205.6,88.0,54,8
2023-04-28T19:37:09.300774,crank,52853,223.5,89.2,54,8
2023-04-28T19:37:09.563600,wheel,19005,214.9,89.0,54,8
2023-04-28T19:37:10.062893,wheel,19005,197.9,89.0,54,8
2023-04-28T19:37:10.299819,crank,52853,219.2,89.6,54,8
2023-04-28T19:37:10.562269,wheel,19005,174.7,89.0,54,8
2023-04-28T19:37:11.049213,crank,52853,191.5,89.8,54,8
2023-04-28T19:37:11.561156,wheel,19005,174.5,89.0,54,8
2023-04-28T19:37:11.797807,crank,52853,189.2,89.1,54,8
2023-04-28T19:37:12.297434,crank,52853,195.1,89.4,54,8
2023-04-28T19:37:12.559821,wheel,19005,197.1,89.0,54,8
2023-04-28T19:37:13.060352,wheel,19005,202.4,89.0,54,8
2023-04-28T19:37:13.295972,crank,52853,203.9,88.3,54,8
2023-04-28T19:37:13.795409,crank,52853,212.6,89.4,54,8
2023-04-28T19:37:14.307776,wheel,19005,193.4,88.0,54,8
2023-04-28T19:37:14.544491,crank,52853,218.1,88.4,54,8
2023-04-28T19:37:14.557353,wheel,19005,203.5,89.0,54,8
2023-04-28T19:37:15.057009,wheel,19005,204.5,89.0,54,8
2023-04-28T19:37:15.293606,crank,52853,225.0,89.8,54,8
2023-04-28T19:37:15.556303,wheel,19005,190.4,89.0,54,8
2023-04-28T19:37:16.042689,crank,52853,208.3,89.0,54,8
2023-04-28T19:37:16.554896,wheel,19005,182.0,89.0,54,8
2023-04-28T19:37:16.791818,crank,52853,195.2,90.2,54,8
2023-04-28T19:37:17.041589,crank,52853,203.1,88.7,54,8
2023-04-28T19:37:17.054282,wheel,19005,187.1,89.0,54,8
2023-04-28T19:37:17.790590,crank,52853,208.1,89.7,54,8
2023-04-28T19:37:17.803363,wheel,19005,198.4,89.0,54,8
2023-04-28T19:37:18.303001,wheel,19005,178.3,89.0,54,8
2023-04-28T19:37:18.539713,crank,52853,195.2,88.7,54,8
2023-04-28T19:37:19.288790,crank,52853,189.2,89.5,54,8
2023-04-28T19:37:19.301536,wheel,19005,175.6,88.0,54,8
2023-04-28T19:37:19.551353,wheel,19005,179.7,89.0,54,8
2023-04-28T19:37:20.037907,crank,52853,184.8,88.7,54,8
2023-04-28T19:37:20.300441,wheel,19005,196.3,89.0,54,8
2023-04-28T19:37:20.549991,wheel,19005,181.4,89.0,54,8
2023-04-28T19:37:20.787227,crank,52853,201.1,88.1,54,8
2023-04-28T19:37:21.536291,crank,52853,216.3,88.7,54,8
2023-04-28T19:37:21.785825,crank,52853,216.4,89.5,54,8
2023-04-28T19:37:21.798462,wheel,19005,192.3,89.0,54,8
2023-04-28T19:37:22.048157,wheel,19005,197.9,89.0,54,8
2023-04-28T19:37:22.534876,crank,52853,206.6,88.3,54,8
2023-04-28T19:37:22.547526,wheel,19005,196.3,89.0,54,8
2023-04-28T19:37:23.284005,crank,52853,213.3,88.9,54,8
2023-04-28T19:37:23.296598,wheel,19005,192.1,89.0,54,8
2023-04-28T19:37:23.783398,crank,52853,215.3,88.7,54,8
2023-04-28T19:37:24.045724,wheel,19005,191.2,88.0,54,8
2023-04-28T19:37:24.532493,crank,52853,200.2,89.3,54,8
2023-04-28T19:37:24.545062,wheel,19005,171.0,89.0,54,8
2023-04-28T19:37:25.044470,wheel,19005,178.8,89.0,54,8
2023-04-28T19:37:25.281590,crank,52853,182.6,88.8,54,8
2023-04-28T19:37:26.030707,crank,52853,179.8,87.9,54,8
2023-04-28T19:37:26.542632,wheel,19005,155.9,88.0,54,8
2023-04-28T19:37:26.780026,crank,52853,172.8,89.0,54,8
2023-04-28T19:37:27.042021,wheel,19005,171.7,88.0,54,8
2023-04-28T19:37:27.529112,crank,52853,178.0,87.0,54,8
2023-04-28T19:37:27.541496,wheel,19005,168.9,88.0,54,8
2023-04-28T19:37:28.040778,wheel,19005,174.0,88.0,54,8
2023-04-28T19:37:28.278567,crank,52853,193.5,86.7,54,8
2023-04-28T19:37:28.527717,crank,52853,188.8,89.3,54,8
2023-04-28T19:37:29.039564,wheel,19005,176.6,87.0,54,8
2023-04-28T19:37:29.776198,crank,52853,187.7,87.1,54,8
2023-04-28T19:37:30.025900,crank,52853,193.6,89.1,54,8
2023-04-28T19:37:30.038394,wheel,19005,179.8,88.0,54,8
2023-04-28T19:37:30.537717,wheel,19005,182.2,88.0,54,8
2023-04-28T19:37:30.775225,crank,52853,195.7,88.1,54,8
2023-04-28T19:37:31.274460,crank,52853,204.8,88.3,54,8
2023-04-28T19:37:31.536585,wheel,19005,192.4,88.0,54,8
2023-04-28T19:37:32.023509,crank,52853,202.1,88.6,54,8
2023-04-28T19:37:32.535252,wheel,19005,178.2,88.0,54,8
2023-04-28T19:37:32.772899,crank,52853,193.1,87.3,54,8
2023-04-28T19:37:33.034656,wheel,19005,159.0,88.0,54,8
2023-04-28T19:37:33.534053,wheel,19005,150.6,87.0,54,8
2023-04-28T19:37:34.021349,crank,52853,173.2,88.1,54,8
2023-04-28T19:37:34.770431,crank,52853,175.8,87.5,54,8
2023-04-28T19:37:35.281983,wheel,19005,169.0,88.0,54,8
2023-04-28T19:37:35.519409,crank,52853,180.9,88.5,54,8
2023-04-28T19:37:35.531594,wheel,19005,182.2,88.0,54,8
2023-04-28T19:37:36.018923,crank,52853,206.7,87.6,54,8
2023-04-28T19:37:36.031070,wheel,19005,216.8,88.0,54,8
2023-04-28T19:37:36.530329,wheel,19005,221.0,88.0,54,8
2023-04-28T19:37:36.768307,crank,52853,216.0,89.3,54,8
2023-04-28T19:37:37.516901,crank,52853,202.5,88.0,54,8
2023-04-28T19:37:37.778829,wheel,19005,195.5,88.0,54,8
2023-04-28T19:37:38.028588,wheel,19005,195.8,88.0,54,8
2023-04-28T19:37:38.266016,crank,52853,206.7,88.7,54,8
2023-04-28T19:37:38.527899,wheel,19005,192.3,88.0,54,8
2023-04-28T19:37:39.015124,crank,52853,202.9,89.0,54,8
2023-04-28T19:37:39.027322,wheel,19005,200.0,88.0,54,8
2023-04-28T19:37:39.764190,crank,52853,209.3,88.0,54,8
2023-04-28T19:37:40.026155,wheel,19005,200.9,88.0,54,8
2023-04-28T19:37:40.513282,crank,52853,215.1,89.3,54,8
2023-04-28T19:37:40.525423,wheel,19005,189.1,89.0,54,8
2023-04-28T19:37:40.763607,crank,52853,203.7,88.1,54,8
2023-04-28T19:37:41.024850,wheel,19005,193.1,89.0,54,8
2023-04-28T19:37:41.512116,crank,52853,206.7,89.1,54,8
2023-04-28T19:37:41.524204,wheel,19005,180.8,88.0,54,8
2023-04-28T19:37:42.261226,crank,52853,219.2,88.8,54,8
2023-04-28T19:37:42.522993,wheel,19005,209.4,88.0,54,8
2023-04-28T19:37:42.761173,crank,52853,215.6,89.5,54,8
2023-04-28T19:37:43.022372,wheel,19005,198.4,89.0,54,8
2023-04-28T19:37:43.509756,crank,52853,208.0,90.0,54,8
2023-04-28T19:37:43.521771,wheel,19005,196.6,89.0,54,8
2023-04-28T19:37:44.021271,wheel,19005,211.5,89.0,54,8
2023-04-28T19:37:44.258802,crank,52853,210.8,88.6,54,8
2023-04-28T19:37:45.007918,crank,52853,200.8,90.3,54,8
2023-04-28T19:37:45.757000,crank,52853,191.1,90.0,54,8
2023-04-28T19:37:46.018784,wheel,19005,180.3,89.0,54,8
2023-04-28T19:37:46.506073,crank,52853,193.0,88.0,54,8
2023-04-28T19:37:47.255324,crank,52853,189.7,88.9,54,8
2023-04-28T19:40:21.812533,crank,52853,210.8,92.8,40,3
2023-04-28T19:40:22.561613,crank,52853,216.7,91.1,40,3
2023-04-28T19:40:22.826093,wheel,19005,200.9,88.0,40,3
2023-04-28T19:40:23.310399,crank,52853,216.6,92.2,40,3
2023-04-28T19:40:23.325427,wheel,19005,195.1,92.0,40,3
2023-04-28T19:40:23.560055,crank,52853,199.7,90.7,40,3
2023-04-28T19:40:24.324205,wheel,19005,192.5,91.0,40,3
2023-04-28T19:40:24.559391,crank,52853,205.9,89.9,40,3
2023-04-28T19:40:25.073452,wheel,19005,185.9,91.0,40,3
2023-04-28T19:40:25.308032,crank,52853,200.2,91.3,40,3
2023-04-28T19:40:25.322985,wheel,19005,183.9,91.0,40,3
2023-04-28T19:40:25.807419,crank,52853,186.1,89.7,40,3
2023-04-28T19:40:25.822424,wheel,19005,181.9,91.0,40,3
2023-04-28T19:40:26.556654,crank,52853,188.5,89.2,40,3
2023-04-28T19:40:26.821134,wheel,19005,182.9,90.0,40,3
2023-04-28T19:40:27.306010,crank,52853,178.5,87.7,40,3
2023-04-28T19:40:27.570213,wheel,19005,179.0,89.0,40,3
2023-04-28T19:40:27.819996,wheel,19005,175.8,89.0,40,3
2023-04-28T19:40:28.054720,crank,52853,175.7,87.1,40,3
2023-04-28T19:40:28.304354,crank,52853,186.9,88.0,40,3
2023-04-28T19:40:28.319283,wheel,19005,178.9,88.0,40,3
2023-04-28T19:40:29.053424,crank,52853,188.1,89.0,40,3
2023-04-28T19:40:29.318290,wheel,19005,183.5,87.0,40,3
2023-04-28T19:40:30.067252,wheel,19005,189.8,87.0,40,3
2023-04-28T19:40:30.301964,crank,52853,179.8,86.7,40,3
2023-04-28T19:40:30.316854,wheel,19005,184.1,87.0,40,3
2023-04-28T19:40:30.816233,wheel,19005,182.2,87.0,40,3
2023-04-28T19:40:31.051065,crank,52853,198.1,86.8,40,3
2023-04-28T19:40:31.800161,crank,52853,192.8,88.0,40,3
2023-04-28T19:40:31.815011,wheel,19005,180.1,87.0,40,3
2023-04-28T19:40:32.314390,wheel,19005,182.6,87.0,40,3
2023-04-28T19:40:32.549460,crank,52853,186.2,87.3,40,3
2023-04-28T19:40:32.813750,wheel,19005,183.1,87.0,40,3
2023-04-28T19:40:33.298522,crank,52853,209.8,86.4,40,3
2023-04-28T19:40:33.313221,wheel,19005,185.9,87.0,40,3
2023-04-28T19:40:34.297126,crank,52853,206.4,89.0,40,3
2023-04-28T19:40:34.561733,wheel,19005,187.0,88.0,40,3
2023-04-28T19:40:34.796605,crank,52853,184.7,88.6,40,3
2023-04-28T19:40:34.811338,wheel,19005,185.8,87.0,40,3
2023-04-28T19:40:35.310845,wheel,19005,195.1,87.0,40,3
2023-04-28T19:40:35.545629,crank,52853,218.9,88.0,40,3
2023-04-28T19:40:35.795370,crank,52853,232.8,92.9,40,3
2023-04-28T19:40:35.810103,wheel,19005,205.1,90.0,40,3
2023-04-28T19:40:36.544425,crank,52853,185.5,91.6,40,3
2023-04-28T19:40:36.808994,wheel,19005,213.9,91.0,40,3
2023-04-28T19:40:37.293788,crank,52853,185.8,89.1,40,3
2023-04-28T19:40:37.308333,wheel,19005,196.6,91.0,40,3
2023-04-28T19:40:37.792941,crank,52853,204.3,90.3,40,3
2023-04-28T19:40:37.807662,wheel,19005,186.9,90.0,40,3
2023-04-28T19:40:38.307026,wheel,19005,189.1,90.0,40,3
2023-04-28T19:40:38.542050,crank,52853,196.8,90.5,40,3
2023-04-28T19:40:39.305898,wheel,19005,189.9,90.0,40,3
2023-04-28T19:40:39.540863,crank,52853,200.6,89.5,40,3
2023-04-28T19:40:39.790531,crank,52853,203.4,90.3,40,3
2023-04-28T19:40:39.805186,wheel,19005,190.1,89.0,40,3
2023-04-28T19:40:40.304578,wheel,19005,190.1,89.0,40,3
2023-04-28T19:40:40.539667,crank,52853,195.8,89.7,40,3
2023-04-28T19:40:40.804221,wheel,19005,189.9,90.0,40,3
2023-04-28T19:40:41.288759,crank,52853,210.5,90.0,40,3
2023-04-28T19:40:41.788176,crank,52853,208.8,90.8,40,3
2023-04-28T19:40:41.802830,wheel,19005,190.2,90.0,40,3
2023-04-28T19:40:42.302106,wheel,19005,190.9,90.0,40,3
2023-04-28T19:40:42.537245,crank,52853,198.1,90.0,40,3
2023-04-28T19:40:43.536529,crank,52853,202.1,90.2,40,3
2023-04-28T19:40:43.550768,wheel,19005,190.5,91.0,40,3
2023-04-28T19:40:43.800301,wheel,19005,189.9,90.0,40,3
2023-04-28T19:40:44.035671,crank,52853,190.9,89.5,40,3
2023-04-28T19:40:44.784781,crank,52853,191.9,90.0,40,3
2023-04-28T19:40:45.298448,wheel,19005,188.8,89.0,40,3
2023-04-28T19:40:45.534095,crank,52853,199.6,89.8,40,3
2023-04-28T19:40:46.047746,wheel,19005,189.0,90.0,40,3
2023-04-28T19:40:46.282975,crank,52853,199.9,89.2,40,3
2023-04-28T19:40:46.297293,wheel,19005,189.2,90.0,40,3
2023-04-28T19:40:46.532450,crank,52853,203.7,89.7,40,3
2023-04-28T19:40:46.796737,wheel,19005,189.0,90.0,40,3
2023-04-28T19:40:47.281538,crank,52853,209.7,90.8,40,3
2023-04-28T19:40:47.780971,crank,52853,227.6,92.2,40,3
2023-04-28T19:40:48.045085,wheel,19005,194.6,91.0,40,3
2023-04-28T19:40:48.294847,wheel,19005,211.9,91.0,40,3
2023-04-28T19:40:48.530054,crank,52853,254.9,92.4,40,3
2023-04-28T19:40:48.794247,wheel,19005,222.2,94.0,40,3
2023-04-28T19:40:49.293548,wheel,19005,218.6,94.0,40,3
2023-04-28T19:40:50.028251,crank,52853,220.2,94.1,40,3
2023-04-28T19:40:50.292523,wheel,19005,196.6,93.0,40,3
2023-04-28T19:40:50.777495,crank,52853,210.4,93.4,40,3
2023-04-28T19:40:50.791787,wheel,19005,190.8,93.0,40,3
2023-04-28T19:40:51.027194,crank,52853,190.2,93.9,40,3
2023-04-28T19:40:51.291081,wheel,19005,190.0,93.0,40,3
2023-04-28T19:40:51.790496,wheel,19005,189.1,93.0,40,3
2023-04-28T19:40:52.275770,crank,52853,197.0,92.6,40,3
2023-04-28T19:40:52.789443,wheel,19005,188.3,93.0,40,3
2023-04-28T19:40:53.024860,crank,52853,204.4,92.8,40,3
2023-04-28T19:40:53.288625,wheel,19005,189.0,93.0,40,3
2023-04-28T19:40:53.773759,crank,52853,195.7,91.7,40,3
2023-04-28T19:40:53.788025,wheel,19005,188.1,93.0,40,3
2023-04-28T19:40:54.287518,wheel,19005,191.1,93.0,40,3
2023-04-28T19:40:54.522845,crank,52853,207.5,92.2,40,3
2023-04-28T19:40:55.022756,crank,52853,209.4,92.6,40,3
2023-04-28T19:40:55.286194,wheel,19005,194.9,91.0,40,3
2023-04-28T19:40:55.771381,crank,52853,213.3,92.3,40,3
2023-04-28T19:40:55.785594,wheel,19005,205.4,91.0,40,3
2023-04-28T19:40:56.285132,wheel,19005,199.9,93.0,40,3
2023-04-28T19:40:56.520446,crank,52853,204.8,92.2,40,3
2023-04-28T19:40:56.784354,wheel,19005,193.1,93.0,40,3
2023-04-28T19:40:57.269572,crank,52853,185.3,90.6,40,3
2023-04-28T19:40:57.768992,crank,52853,186.5,89.0,40,3
2023-04-28T19:40:57.783155,wheel,19005,175.6,91.0,40,3
2023-04-28T19:40:58.282622,wheel,19005,173.8,90.0,40,3
2023-04-28T19:40:58.767752,crank,52853,192.4,89.4,40,3
2023-04-28T19:40:58.781898,wheel,19005,177.1,90.0,40,3
2023-04-28T19:40:59.267139,crank,52853,191.3,89.2,40,3
2023-04-28T19:40:59.516862,crank,52853,195.3,87.9,40,3
2023-04-28T19:40:59.531036,wheel,19005,183.0,89.0,40,3
2023-04-28T19:41:00.266193,crank,52853,201.1,88.5,40,3
2023-04-28T19:41:00.280137,wheel,19005,185.0,88.0,40,3
2023-04-28T19:41:00.779447,wheel,19005,184.8,88.0,40,3
2023-04-28T19:41:01.015211,crank,52853,198.6,87.8,40,3
2023-04-28T19:41:01.278836,wheel,19005,184.9,88.0,40,3
2023-04-28T19:41:02.027934,wheel,19005,185.2,88.0,40,3
2023-04-28T19:41:02.513688,crank,52853,193.8,88.4,40,3
2023-04-28T19:41:02.776999,wheel,19005,185.1,88.0,40,3
2023-04-28T19:41:03.012674,crank,52853,200.3,87.8,40,3
2023-04-28T19:41:03.276395,wheel,19005,184.8,89.0,40,3
2023-04-28T19:41:03.761869,crank,52853,209.8,88.9,40,3
2023-04-28T19:41:03.775852,wheel,19005,188.2,89.0,40,3
2023-04-28T19:41:04.511254,crank,52853,198.9,88.7,40,3
2023-04-28T19:41:04.525017,wheel,19005,186.2,89.0,40,3
2023-04-28T19:41:05.259869,crank,52853,194.8,88.8,40,3
2023-04-28T19:41:05.273920,wheel,19005,185.0,89.0,40,3
2023-04-28T19:41:05.773424,wheel,19005,187.8,88.0,40,3
2023-04-28T19:41:06.008973,crank,52853,200.0,88.8,40,3
2023-04-28T19:41:06.272705,wheel,19005,190.8,88.0,40,3
2023-04-28T19:41:06.758067,crank,52853,196.2,89.1,40,3
2023-04-28T19:41:07.007801,crank,52853,193.7,88.7,40,3
2023-04-28T19:41:07.021983,wheel,19005,189.0,89.0,40,3
2023-04-28T19:41:07.770979,wheel,19005,187.6,89.0,40,3
2023-04-28T19:41:08.256256,crank,52853,184.7,87.0,40,3
2023-04-28T19:41:08.270263,wheel,19005,181.2,89.0,40,3
2023-04-28T19:41:08.506127,crank,52853,185.6,87.0,40,3
2023-04-28T19:41:08.769665,wheel,19005,178.1,88.0,40,3
2023-04-28T19:41:09.754665,crank,52853,190.1,87.7,40,3
2023-04-28T19:41:09.768533,wheel,19005,177.9,88.0,40,3
2023-04-28T19:41:10.753288,crank,52853,190.9,87.5,40,3
2023-04-28T19:41:11.502370,crank,52853,188.4,87.9,40,3
2023-04-28T19:41:12.251457,crank,52853,194.0,87.7,40,3
2023-04-28T19:41:12.501418,crank,52853,195.1,88.2,40,3
2023-04-28T19:41:12.764746,wheel,19005,180.7,88.0,40,3
2023-04-28T19:41:13.014446,wheel,19005,183.8,88.0,40,3
2023-04-28T19:41:13.250529,crank,52853,201.3,88.3,40,3
2023-04-28T19:41:13.763522,wheel,19005,188.2,89.0,40,3
2023-04-28T19:41:14.498899,crank,52853,198.2,88.6,40,3
2023-04-28T19:41:14.512690,wheel,19005,189.6,89.0,40,3
2023-04-28T19:41:15.248102,crank,52853,214.6,88.7,40,3
2023-04-28T19:41:15.761090,wheel,19005,198.8,89.0,40,3
2023-04-28T19:41:15.997425,crank,52853,233.1,92.0,40,3
2023-04-28T19:41:16.260443,wheel,19005,214.9,89.0,40,3
2023-04-28T19:41:16.746134,crank,52853,205.9,92.2,40,3
2023-04-28T19:41:17.259362,wheel,19005,211.0,92.0,40,3
2023-04-28T19:41:17.495206,crank,52853,196.2,89.9,40,3
2023-04-28T19:41:18.008588,wheel,19005,192.8,91.0,40,3
2023-04-28T19:41:18.244337,crank,52853,212.7,91.3,40,3
2023-04-28T19:41:18.493995,crank,52853,206.2,91.6,40,3
2023-04-28T19:41:19.256889,wheel,19005,192.4,91.0,40,3
2023-04-28T19:41:19.742467,crank,52853,204.7,91.3,40,3
2023-04-28T19:41:20.741695,crank,52853,197.3,90.8,40,3
2023-04-28T19:41:20.755168,wheel,19005,193.5,91.0,40,3
2023-04-28T19:41:21.490459,crank,52853,194.2,91.4,40,3
2023-04-28T19:41:21.989999,crank,52853,197.8,90.2,40,3
2023-04-28T19:41:22.003497,wheel,19005,192.6,90.0,40,3
2023-04-28T19:41:22.739102,crank,52853,201.1,90.5,40,3
2023-04-28T19:41:22.752748,wheel,19005,192.0,91.0,40,3
2023-04-28T19:41:23.488188,crank,52853,202.8,90.1,40,3
2023-04-28T19:41:23.737688,crank,52853,202.2,91.0,40,3
2023-04-28T19:41:24.250652,wheel,19005,191.4,91.0,40,3
2023-04-28T19:41:24.986179,crank,52853,204.0,89.8,40,3
2023-04-28T19:41:24.999733,wheel,19005,194.4,91.0,40,3
2023-04-28T19:41:25.499314,wheel,19005,203.5,91.0,40,3
2023-04-28T19:41:25.998647,wheel,19005,206.9,91.0,40,3
2023-04-28T19:41:26.734260,crank,52853,209.2,91.7,40,3
2023-04-28T19:41:27.246977,wheel,19005,200.1,92.0,40,3
2023-04-28T19:41:27.483421,crank,52853,200.9,91.6,40,3
2023-04-28T19:41:27.496867,wheel,19005,197.0,92.0,40,3
2023-04-28T19:41:27.732901,crank,52853,200.9,91.2,40,3
2023-04-28T19:41:27.996074,wheel,19005,195.1,92.0,40,3
2023-04-28T19:41:28.481976,crank,52853,199.1,90.4,40,3
2023-04-28T19:41:28.495436,wheel,19005,194.0,92.0,40,3
2023-04-28T19:41:28.981366,crank,52853,200.6,90.3,40,3
2023-04-28T19:41:29.730472,crank,52853,209.9,91.6,40,3
2023-04-28T19:41:29.743933,wheel,19005,193.4,91.0,40,3
2023-04-28T19:41:29.993601,wheel,19005,197.9,91.0,40,3
2023-04-28T19:41:30.492997,wheel,19005,199.0,91.0,40,3
2023-04-28T19:41:30.729292,crank,52853,204.7,92.5,40,3
2023-04-28T19:41:30.992449,wheel,19005,200.2,91.0,40,3
2023-04-28T19:41:31.228701,crank,52853,205.0,91.8,40,3
2023-04-28T19:41:31.977759,crank,52853,201.1,92.5,40,3
2023-04-28T19:41:31.991164,wheel,19005,197.5,92.0,40,3
2023-04-28T19:41:32.490530,wheel,19005,195.4,92.0,40,3
2023-04-28T19:41:32.726805,crank,52853,199.6,91.4,40,3
2023-04-28T19:41:33.239625,wheel,19005,195.0,92.0,40,3
2023-04-28T19:41:33.475909,crank,52853,208.0,92.0,40,3
2023-04-28T19:41:33.489418,wheel,19005,194.8,92.0,40,3
2023-04-28T19:41:33.725611,crank,52853,207.8,91.5,40,3
2023-04-28T19:41:34.225144,crank,52853,205.8,91.4,40,3
2023-04-28T19:41:34.488088,wheel,19005,194.1,92.0,40,3
2023-04-28T19:41:34.974464,crank,52853,201.4,91.8,40,3
2023-04-28T19:41:34.987620,wheel,19005,193.9,92.0,40,3
2023-04-28T19:41:35.487003,wheel,19005,194.1,92.0,40,3
2023-04-28T19:41:35.972891,crank,52853,200.0,90.8,40,3
2023-04-28T19:41:35.986241,wheel,19005,193.5,91.0,40,3
2023-04-28T19:41:36.472293,crank,52853,193.9,90.9,40,3
2023-04-28T19:41:36.985287,wheel,19005,187.9,90.0,40,3
2023-04-28T19:41:37.221382,crank,52853,185.9,88.8,40,3
2023-04-28T19:41:37.484436,wheel,19005,180.9,90.0,40,3
2023-04-28T19:41:37.970510,crank,52853,187.4,88.7,40,3
2023-04-28T19:41:37.983864,wheel,19005,177.9,89.0,40,3
2023-04-28T19:41:38.220459,crank,52853,191.1,89.2,40,3
2023-04-28T19:41:38.732886,wheel,19005,176.9,89.0,40,3
2023-04-28T19:41:38.969508,crank,52853,203.4,90.8,40,3
2023-04-28T19:41:39.481965,wheel,19005,190.3,90.0,40,3
2023-04-28T19:41:39.981352,wheel,19005,200.8,91.0,40,3
2023-04-28T19:41:40.218032,crank,52853,228.6,91.4,40,3
2023-04-28T19:41:40.480743,wheel,19005,205.3,91.0,40,3
2023-04-28T19:41:40.967108,crank,52853,193.8,92.1,40,3
2023-04-28T19:41:40.980186,wheel,19005,200.8,91.0,40,3
2023-04-28T19:41:41.965695,crank,52853,201.9,91.3,40,3
2023-04-28T19:41:41.978886,wheel,19005,195.5,91.0,40,3
2023-04-28T19:41:42.215400,crank,52853,185.9,90.0,40,3
2023-04-28T19:41:42.478509,wheel,19005,182.0,91.0,40,3
2023-04-28T19:41:42.964580,crank,52853,189.2,89.1,40,3
2023-04-28T19:41:43.227368,wheel,19005,179.9,91.0,40,3
2023-04-28T19:41:43.477073,wheel,19005,177.9,90.0,40,3
2023-04-28T19:41:43.713908,crank,52853,194.6,90.0,40,3
2023-04-28T19:41:44.213001,crank,52853,192.5,90.2,40,3
2023-04-28T19:41:44.476089,wheel,19005,187.3,90.0,40,3
2023-04-28T19:41:44.975278,wheel,19005,190.1,90.0,40,3
2023-04-28T19:41:45.211829,crank,52853,198.8,90.3,40,3
2023-04-28T19:41:45.724414,wheel,19005,189.8,90.0,40,3
2023-04-28T19:41:45.960885,crank,52853,200.0,89.2,40,3
2023-04-28T19:41:45.973999,wheel,19005,190.1,90.0,40,3
2023-04-28T19:41:46.710010,crank,52853,193.7,89.6,40,3
2023-04-28T19:41:46.972793,wheel,19005,188.8,89.0,40,3
2023-04-28T19:41:47.209897,crank,52853,194.6,90.3,40,3
2023-04-28T19:41:47.472161,wheel,19005,188.2,90.0,40,3
2023-04-28T19:41:47.958526,crank,52853,205.7,87.9,40,3
2023-04-28T19:41:47.971537,wheel,19005,187.9,90.0,40,3
2023-04-28T19:41:48.208191,crank,52853,202.5,90.0,40,3
2023-04-28T19:41:48.471026,wheel,19005,189.0,90.0,40,3
2023-04-28T19:41:48.957278,crank,52853,188.1,89.8,40,3
2023-04-28T19:41:49.469718,wheel,19005,185.3,90.0,40,3
2023-04-28T19:41:49.969128,wheel,19005,191.9,90.0,40,3
2023-04-28T19:41:50.205789,crank,52853,211.4,90.5,40,3
2023-04-28T19:41:50.468571,wheel,19005,197.9,91.0,40,3
2023-04-28T19:41:50.954919,crank,52853,193.0,90.9,40,3
2023-04-28T19:41:51.467248,wheel,19005,200.0,90.0,40,3
2023-04-28T19:41:51.954189,crank,52853,198.8,90.3,40,3
2023-04-28T19:41:52.453277,crank,52853,206.9,89.6,40,3
2023-04-28T19:41:52.466111,wheel,19005,193.5,90.0,40,3
2023-04-28T19:41:52.965437,wheel,19005,190.9,90.0,40,3
2023-04-28T19:41:53.202447,crank,52853,199.0,90.3,40,3
2023-04-28T19:41:53.464790,wheel,19005,189.9,90.0,40,3
2023-04-28T19:41:53.951729,crank,52853,188.3,90.3,40,3
2023-04-28T19:41:54.201021,crank,52853,196.3,88.3,40,3
2023-04-28T19:41:54.463658,wheel,19005,188.4,90.0,40,3
2023-04-28T19:41:55.449503,crank,52853,202.8,90.5,40,3
2023-04-28T19:41:55.462366,wheel,19005,190.4,90.0,40,3
2023-04-28T19:41:55.961876,wheel,19005,193.1,90.0,40,3
2023-04-28T19:41:56.198567,crank,52853,207.8,90.9,40,3
2023-04-28T19:41:56.461142,wheel,19005,193.1,90.0,40,3
2023-04-28T19:41:56.960515,wheel,19005,192.9,90.0,40,3
2023-04-28T19:41:57.197640,crank,52853,206.5,90.5,40,3
2023-04-28T19:41:57.959383,wheel,19005,194.1,91.0,40,3
2023-04-28T19:41:58.196201,crank,52853,207.1,91.8,40,3
2023-04-28T19:41:58.458687,wheel,19005,194.2,92.0,40,3
2023-04-28T19:41:58.945321,crank,52853,196.2,90.3,40,3
2023-04-28T19:41:59.207891,wheel,19005,192.8,92.0,40,3
2023-04-28T19:41:59.457474,wheel,19005,187.9,91.0,40,3
2023-04-28T19:42:00.193870,crank,52853,182.1,88.9,40,3
2023-04-28T19:42:00.706046,wheel,19005,180.0,89.0,40,3
2023-04-28T19:42:00.942901,crank,52853,169.0,85.8,40,3
2023-04-28T19:42:00.955622,wheel,19005,166.9,89.0,40,3
2023-04-28T19:42:01.691998,crank,52853,186.7,87.9,40,3
2023-04-28T19:42:01.704703,wheel,19005,167.6,87.0,40,3
2023-04-28T19:42:01.954494,wheel,19005,175.1,87.0,40,3
2023-04-28T19:42:02.441091,crank,52853,209.6,88.1,40,3
2023-04-28T19:42:02.953191,wheel,19005,190.4,89.0,40,3
2023-04-28T19:42:03.190219,crank,52853,216.6,90.7,40,3
2023-04-28T19:42:03.452825,wheel,19005,194.9,90.0,40,3
2023-04-28T19:42:03.939553,crank,52853,199.1,90.0,40,3
2023-04-28T19:42:04.201628,wheel,19005,195.8,90.0,40,3
2023-04-28T19:42:04.451340,wheel,19005,194.0,90.0,40,3
2023-04-28T19:42:04.688601,crank,52853,206.8,89.9,40,3
2023-04-28T19:42:04.938094,crank,52853,206.8,89.9,40,3
2023-04-28T19:42:05.450213,wheel,19005,192.3,90.0,40,3
2023-04-28T19:42:05.687210,crank,52853,203.6,91.2,40,3
2023-04-28T19:42:05.949514,wheel,19005,190.3,91.0,40,3
2023-04-28T19:42:06.436292,crank,52853,193.5,90.7,40,3
2023-04-28T19:42:06.448896,wheel,19005,184.0,91.0,40,3
2023-04-28T19:42:06.935708,crank,52853,185.7,89.5,40,3
2023-04-28T19:42:06.948251,wheel,19005,181.0,89.0,40,3
2023-04-28T19:42:07.684825,crank,52853,189.2,89.1,40,3
2023-04-28T19:42:07.947057,wheel,19005,180.8,90.0,40,3
2023-04-28T19:42:08.433978,crank,52853,190.3,89.2,40,3
2023-04-28T19:42:08.446444,wheel,19005,184.9,90.0,40,3
2023-04-28T19:42:08.945939,wheel,19005,186.1,89.0,40,3
2023-04-28T19:42:09.182998,crank,52853,193.0,89.2,40,3
2023-04-28T19:42:09.445275,wheel,19005,191.2,89.0,40,3
2023-04-28T19:42:09.932108,crank,52853,213.1,90.0,40,3
2023-04-28T19:42:10.443980,wheel,19005,199.9,90.0,40,3
2023-04-28T19:42:10.681202,crank,52853,211.0,91.0,40,3
2023-04-28T19:42:10.931479,crank,52853,200.9,90.0,40,3
2023-04-28T19:42:10.943589,wheel,19005,200.2,90.0,40,3
2023-04-28T19:42:11.442836,wheel,19005,196.8,90.0,40,3
2023-04-28T19:42:11.680018,crank,52853,216.6,91.0,40,3
2023-04-28T19:42:11.942163,wheel,19005,195.0,90.0,40,3
2023-04-28T19:42:12.429097,crank,52853,209.5,92.2,40,3
2023-04-28T19:42:12.941250,wheel,19005,195.0,92.0,40,3
2023-04-28T19:42:13.427930,crank,52853,201.9,91.3,40,3
2023-04-28T19:42:13.440315,wheel,19005,196.1,92.0,40,3
2023-04-28T19:42:13.927298,crank,52853,205.9,92.7,40,3
2023-04-28T19:42:13.939693,wheel,19005,193.6,92.0,40,3
2023-04-28T19:42:14.177292,crank,52853,194.8,91.7,40,3
2023-04-28T19:42:14.439099,wheel,19005,192.2,92.0,40,3
2023-04-28T19:42:14.926358,crank,52853,193.5,91.1,40,3
2023-04-28T19:42:15.437876,wheel,19005,191.5,92.0,40,3
2023-04-28T19:42:15.675737,crank,52853,196.2,90.7,40,3
2023-04-28T19:42:15.937273,wheel,19005,191.9,91.0,40,3
2023-04-28T19:42:16.174849,crank,52853,200.5,91.8,40,3
2023-04-28T19:42:16.436623,wheel,19005,193.1,91.0,40,3
2023-04-28T19:42:16.923934,crank,52853,204.0,91.0,40,3
2023-04-28T19:42:16.936100,wheel,19005,193.0,90.0,40,3
2023-04-28T19:42:17.673228,crank,52853,215.3,92.4,40,3
2023-04-28T19:42:17.934804,wheel,19005,196.0,92.0,40,3
2023-04-28T19:42:18.422284,crank,52853,217.1,92.4,40,3
2023-04-28T19:42:18.434289,wheel,19005,204.0,92.0,40,3
2023-04-28T19:42:18.933655,wheel,19005,206.8,93.0,40,3
2023-04-28T19:42:19.171026,crank,52853,217.2,94.0,40,3
2023-04-28T19:42:19.420711,crank,52853,212.2,94.2,40,3
2023-04-28T19:42:19.432972,wheel,19005,208.8,93.0,40,3
2023-04-28T19:42:20.169812,crank,52853,201.7,93.2,40,3
2023-04-28T19:42:20.432017,wheel,19005,203.7,94.0,40,3
2023-04-28T19:42:20.669245,crank,52853,201.5,93.2,40,3
2023-04-28T19:42:20.931241,wheel,19005,200.5,94.0,40,3
2023-04-28T19:42:21.418304,crank,52853,204.9,93.4,40,3
2023-04-28T19:42:21.430525,wheel,19005,199.0,94.0,40,3
2023-04-28T19:42:22.417340,crank,52853,200.8,92.4,40,3
2023-04-28T19:42:22.429392,wheel,19005,197.4,92.0,40,3
2023-04-28T19:42:23.166616,crank,52853,202.7,92.9,40,3
2023-04-28T19:42:23.428121,wheel,19005,197.1,93.0,40,3
2023-04-28T19:42:23.665835,crank,52853,202.4,91.9,40,3
2023-04-28T19:42:23.915308,crank,52853,202.4,92.3,40,3
2023-04-28T19:42:23.927442,wheel,19005,196.0,92.0,40,3
2023-04-28T19:42:24.426928,wheel,19005,195.9,92.0,40,3
2023-04-28T19:42:24.664424,crank,52853,198.7,91.4,40,3
2023-04-28T19:42:24.926239,wheel,19005,194.8,92.0,40,3
2023-04-28T19:42:25.413520,crank,52853,198.7,91.8,40,3
2023-04-28T19:42:25.912979,crank,52853,193.7,90.3,40,3
2023-04-28T19:42:25.925022,wheel,19005,195.3,92.0,40,3
2023-04-28T19:42:26.424503,wheel,19005,188.9,92.0,40,3
2023-04-28T19:44:54.742750,wheel,19005,212.0,87.0,40,8
2023-04-28T19:44:55.242014,wheel,19005,211.2,88.0,40,8
2023-04-28T19:44:55.479549,crank,52853,232.0,89.5,40,8
2023-04-28T19:44:55.991293,wheel,19005,210.8,88.0,40,8
2023-04-28T19:44:56.228655,crank,52853,228.2,89.8,40,8
2023-04-28T19:44:56.240651,wheel,19005,191.7,87.0,40,8
2023-04-28T19:44:57.239548,wheel,19005,189.2,89.0,40,8
2023-04-28T19:44:57.477140,crank,52853,199.3,90.5,40,8
2023-04-28T19:44:57.738800,wheel,19005,179.2,89.0,40,8
2023-04-28T19:44:58.226247,crank,52853,180.2,89.4,40,8
2023-04-28T19:44:58.238217,wheel,19005,169.9,88.0,40,8
2023-04-28T19:44:58.737766,wheel,19005,173.1,88.0,40,8
2023-04-28T19:44:58.975366,crank,52853,181.4,89.6,40,8
2023-04-28T19:44:59.724460,crank,52853,176.7,89.2,40,8
2023-04-28T19:44:59.986215,wheel,19005,173.6,88.0,40,8
2023-04-28T19:45:00.235794,wheel,19005,163.0,87.0,40,8
2023-04-28T19:45:00.473548,crank,52853,178.2,88.4,40,8
2023-04-28T19:45:00.723490,crank,52853,177.7,88.1,40,8
2023-04-28T19:45:00.735237,wheel,19005,168.6,87.0,40,8
2023-04-28T19:45:01.472601,crank,52853,173.4,87.6,40,8
2023-04-28T19:45:01.484305,wheel,19005,173.5,86.0,40,8
2023-04-28T19:45:02.221775,crank,52853,179.9,88.0,40,8
2023-04-28T19:45:02.482976,wheel,19005,167.5,87.0,40,8
2023-04-28T19:45:03.232113,wheel,19005,173.5,86.0,40,8
2023-04-28T19:45:03.719625,crank,52853,173.7,88.2,40,8
2023-04-28T19:45:03.731426,wheel,19005,177.5,86.0,40,8
2023-04-28T19:45:04.230867,wheel,19005,177.9,86.0,40,8
2023-04-28T19:45:04.718416,crank,52853,174.2,87.1,40,8
2023-04-28T19:45:05.217827,crank,52853,179.9,87.1,40,8
2023-04-28T19:45:05.229602,wheel,19005,172.7,86.0,40,8
2023-04-28T19:45:05.729188,wheel,19005,173.4,86.0,40,8
2023-04-28T19:45:05.966931,crank,52853,182.6,87.6,40,8
2023-04-28T19:45:06.216743,crank,52853,184.5,87.3,40,8
2023-04-28T19:45:06.228428,wheel,19005,175.7,85.0,40,8
2023-04-28T19:45:06.727761,wheel,19005,178.2,85.0,40,8
2023-04-28T19:45:06.965830,crank,52853,190.7,87.0,40,8
2023-04-28T19:45:07.715001,crank,52853,194.2,87.4,40,8
2023-04-28T19:45:07.726647,wheel,19005,181.9,86.0,40,8
2023-04-28T19:45:08.225958,wheel,19005,189.1,86.0,40,8
2023-04-28T19:45:08.963460,crank,52853,208.8,87.9,40,8
2023-04-28T19:45:09.224767,wheel,19005,216.4,87.0,40,8
2023-04-28T19:45:09.724202,wheel,19005,194.0,87.0,40,8
2023-04-28T19:45:09.962150,crank,52853,219.0,89.1,40,8
2023-04-28T19:45:10.461784,crank,52853,207.5,89.4,40,8
2023-04-28T19:45:10.722871,wheel,19005,181.3,87.0,40,8
2023-04-28T19:45:11.222503,wheel,19005,179.7,86.0,40,8
2023-04-28T19:45:11.460363,crank,52853,199.4,89.4,40,8
2023-04-28T19:45:11.721657,wheel,19005,173.1,86.0,40,8
2023-04-28T19:45:12.209494,crank,52853,192.2,88.8,40,8
2023-04-28T19:45:12.221047,wheel,19005,182.6,87.0,40,8
2023-04-28T19:45:12.958537,crank,52853,200.5,89.0,40,8
2023-04-28T19:45:13.219927,wheel,19005,186.4,87.0,40,8
2023-04-28T19:45:13.707657,crank,52853,188.6,88.4,40,8
2023-04-28T19:45:13.719276,wheel,19005,172.8,87.0,40,8
2023-04-28T19:45:14.218604,wheel,19005,182.2,87.0,40,8
2023-04-28T19:45:14.456746,crank,52853,190.6,88.9,40,8
2023-04-28T19:45:14.967671,wheel,19005,190.6,87.0,40,8
2023-04-28T19:45:15.705246,crank,52853,189.2,88.3,40,8
2023-04-28T19:45:15.716765,wheel,19005,177.2,87.0,40,8
2023-04-28T19:45:16.216147,wheel,19005,175.2,86.0,40,8
2023-04-28T19:45:16.454389,crank,52853,197.9,88.3,40,8
2023-04-28T19:45:16.715593,wheel,19005,182.3,86.0,40,8
2023-04-28T19:45:17.203456,crank,52853,204.8,88.3,40,8
2023-04-28T19:45:17.214905,wheel,19005,182.3,87.0,40,8
2023-04-28T19:45:18.202339,crank,52853,211.4,88.8,40,8
2023-04-28T19:45:18.451999,crank,52853,212.2,89.6,40,8
2023-04-28T19:45:18.463412,wheel,19005,191.4,87.0,40,8
2023-04-28T19:45:18.713185,wheel,19005,189.7,87.0,40,8
2023-04-28T19:45:19.201049,crank,52853,213.3,88.9,40,8
2023-04-28T19:45:19.212481,wheel,19005,208.4,88.0,40,8
2023-04-28T19:45:19.711837,wheel,19005,204.6,88.0,40,8
2023-04-28T19:45:19.950169,crank,52853,214.7,89.5,40,8
2023-04-28T19:45:20.449582,crank,52853,211.2,89.9,40,8
2023-04-28T19:45:20.960644,wheel,19005,196.3,88.0,40,8
2023-04-28T19:45:21.198693,crank,52853,202.8,89.7,40,8
2023-04-28T19:45:21.210011,wheel,19005,202.4,87.0,40,8
2023-04-28T19:45:21.709420,wheel,19005,194.9,87.0,40,8
2023-04-28T19:45:21.947763,crank,52853,197.7,89.8,40,8
2023-04-28T19:45:22.208864,wheel,19005,180.0,88.0,40,8
2023-04-28T19:45:22.696796,crank,52853,204.9,89.4,40,8
2023-04-28T19:45:23.207562,wheel,19005,196.8,88.0,40,8
2023-04-28T19:45:23.445678,crank,52853,211.5,90.0,40,8
2023-04-28T19:45:23.707137,wheel,19005,198.3,88.0,40,8
2023-04-28T19:45:24.194808,crank,52853,205.5,90.5,40,8
2023-04-28T19:45:24.206506,wheel,19005,191.9,88.0,40,8
2023-04-28T19:45:24.705742,wheel,19005,199.9,88.0,40,8
2023-04-28T19:45:25.193469,crank,52853,212.0,90.0,40,8
2023-04-28T19:45:25.704580,wheel,19005,202.1,89.0,40,8
2023-04-28T19:45:25.942357,crank,52853,219.5,90.0,40,8
2023-04-28T19:45:26.203871,wheel,19005,196.9,89.0,40,8
2023-04-28T19:45:26.442164,crank,52853,225.0,90.5,40,8
2023-04-28T19:45:26.703276,wheel,19005,198.3,88.0,40,8
2023-04-28T19:45:27.190789,crank,52853,211.8,91.3,40,8
2023-04-28T19:45:27.202653,wheel,19005,186.9,88.0,40,8
2023-04-28T19:45:27.939726,crank,52853,199.7,90.3,40,8
2023-04-28T19:45:28.201458,wheel,19005,185.4,89.0,40,8
2023-04-28T19:45:28.700822,wheel,19005,189.1,89.0,40,8
2023-04-28T19:45:29.200377,wheel,19005,183.1,89.0,40,8
2023-04-28T19:45:29.437750,crank,52853,205.3,90.8,40,8
2023-04-28T19:45:29.699609,wheel,19005,182.9,89.0,40,8
2023-04-28T19:45:30.186769,crank,52853,202.4,90.3,40,8
2023-04-28T19:45:30.698361,wheel,19005,187.7,89.0,40,8
2023-04-28T19:45:30.935835,crank,52853,198.8,90.7,40,8
2023-04-28T19:45:31.185705,crank,52853,204.7,90.2,40,8
2023-04-28T19:45:31.447492,wheel,19005,181.8,89.0,40,8
2023-04-28T19:45:31.697160,wheel,19005,192.3,88.0,40,8
2023-04-28T19:45:31.934679,crank,52853,208.2,90.5,40,8
2023-04-28T19:45:32.196526,wheel,19005,200.3,88.0,40,8
2023-04-28T19:45:33.182815,crank,52853,205.3,90.2,40,8
2023-04-28T19:45:33.195407,wheel,19005,186.2,89.0,40,8
2023-04-28T19:45:34.181490,crank,52853,183.1,90.0,40,8
2023-04-28T19:45:34.431162,crank,52853,186.6,89.1,40,8
2023-04-28T19:45:34.443763,wheel,19005,182.6,89.0,40,8
2023-04-28T19:45:34.693626,wheel,19005,174.8,88.0,40,8
2023-04-28T19:45:35.180140,crank,52853,193.6,89.5,40,8
2023-04-28T19:45:35.192821,wheel,19005,174.3,88.0,40,8
2023-04-28T19:45:35.929220,crank,52853,208.9,88.9,40,8
2023-04-28T19:45:36.191639,wheel,19005,198.9,88.0,40,8
2023-04-28T19:45:36.428553,crank,52853,216.4,89.5,40,8
2023-04-28T19:45:36.940709,wheel,19005,189.5,87.0,40,8
2023-04-28T19:45:37.190393,wheel,19005,197.7,87.0,40,8
2023-04-28T19:45:37.689776,wheel,19005,218.5,88.0,40,8
2023-04-28T19:45:37.926640,crank,52853,223.3,89.8,40,8
2023-04-28T19:45:38.688595,wheel,19005,205.9,88.0,40,8
2023-04-28T19:45:38.925771,crank,52853,214.7,89.9,40,8
2023-04-28T19:45:39.424743,crank,52853,203.3,90.3,40,8
2023-04-28T19:45:39.437742,wheel,19005,193.5,88.0,40,8
2023-04-28T19:45:39.687377,wheel,19005,180.1,88.0,40,8
2023-04-28T19:45:40.173783,crank,52853,202.7,88.8,40,8
2023-04-28T19:45:40.423228,crank,52853,203.0,91.0,40,8
2023-04-28T19:45:40.436400,wheel,19005,176.9,88.0,40,8
2023-04-28T19:45:41.185479,wheel,19005,183.8,88.0,40,8
2023-04-28T19:45:41.671958,crank,52853,181.8,89.8,40,8
2023-04-28T19:45:41.685013,wheel,19005,175.2,87.0,40,8
2023-04-28T19:45:41.921245,crank,52853,187.0,89.3,40,8
2023-04-28T19:45:42.184286,wheel,19005,168.9,87.0,40,8
2023-04-28T19:45:42.683649,wheel,19005,176.9,87.0,40,8
2023-04-28T19:45:43.169589,crank,52853,196.0,88.8,40,8
2023-04-28T19:45:43.682540,wheel,19005,180.9,88.0,40,8
2023-04-28T19:45:43.918705,crank,52853,199.9,89.2,40,8
2023-04-28T19:45:44.181818,wheel,19005,179.9,88.0,40,8
2023-04-28T19:45:44.681211,wheel,19005,186.4,88.0,40,8
2023-04-28T19:45:44.917334,crank,52853,210.7,89.7,40,8
2023-04-28T19:45:45.180765,wheel,19005,188.6,88.0,40,8
2023-04-28T19:45:45.416637,crank,52853,221.3,89.7,40,8
2023-04-28T19:45:46.165609,crank,52853,219.2,90.6,40,8
2023-04-28T19:45:46.179346,wheel,19005,195.3,88.0,40,8
2023-04-28T19:45:46.678753,wheel,19005,186.2,88.0,40,8
2023-04-28T19:45:46.914743,crank,52853,213.3,90.0,40,8
2023-04-28T19:45:47.164540,crank,52853,217.1,91.6,40,8
2023-04-28T19:45:47.178233,wheel,19005,186.4,88.0,40,8
2023-04-28T19:45:47.677511,wheel,19005,199.7,89.0,40,8
2023-04-28T19:45:48.412675,crank,52853,213.5,91.0,40,8
2023-04-28T19:45:48.676310,wheel,19005,195.1,89.0,40,8
2023-04-28T19:45:49.175817,wheel,19005,197.2,89.0,40,8
2023-04-28T19:45:49.411329,crank,52853,217.0,91.2,40,8
2023-04-28T19:45:49.675092,wheel,19005,197.4,90.0,40,8
2023-04-28T19:45:50.160332,crank,52853,215.3,91.6,40,8
2023-04-28T19:45:50.410004,crank,52853,200.0,90.0,40,8
2023-04-28T19:45:50.424156,wheel,19005,185.8,90.0,40,8
2023-04-28T19:45:51.159035,crank,52853,170.1,91.4,40,8
2023-04-28T19:45:51.173227,wheel,19005,158.3,89.0,40,8
2023-04-28T19:45:51.672627,wheel,19005,123.2,89.0,40,8
2023-04-28T19:45:51.908285,crank,52853,146.5,89.6,40,8
2023-04-28T19:45:52.172001,wheel,19005,139.6,88.0,40,8
2023-04-28T19:45:52.407377,crank,52853,156.6,89.3,40,8
2023-04-28T19:45:52.921082,wheel,19005,154.4,88.0,40,8
2023-04-28T19:45:53.406281,crank,52853,168.1,88.8,40,8
2023-04-28T19:45:53.670165,wheel,19005,164.6,88.0,40,8
2023-04-28T19:45:53.905369,crank,52853,180.8,88.4,40,8
2023-04-28T19:45:54.169868,wheel,19005,169.6,87.0,40,8
2023-04-28T19:45:54.668968,wheel,19005,167.2,87.0,40,8
2023-04-28T19:45:54.904604,crank,52853,190.9,89.0,40,8
2023-04-28T19:45:55.418139,wheel,19005,190.6,87.0,40,8
2023-04-28T19:45:55.653247,crank,52853,209.8,88.9,40,8
2023-04-28T19:45:56.152869,crank,52853,220.3,89.3,40,8
2023-04-28T19:45:56.167162,wheel,19005,203.5,88.0,40,8
2023-04-28T19:45:56.666473,wheel,19005,184.1,88.0,40,8
2023-04-28T19:45:56.902216,crank,52853,207.7,89.5,40,8
2023-04-28T19:45:57.151486,crank,52853,208.1,89.3,40,8
2023-04-28T19:45:57.165872,wheel,19005,194.6,87.0,40,8
2023-04-28T19:45:57.665337,wheel,19005,192.0,87.0,40,8
2023-04-28T19:45:57.900563,crank,52853,210.8,90.5,40,8
2023-04-28T19:45:58.649641,crank,52853,194.2,89.0,40,8
2023-04-28T19:45:58.664031,wheel,19005,185.6,88.0,40,8
2023-04-28T19:45:59.149044,crank,52853,183.9,88.2,40,8
2023-04-28T19:45:59.163427,wheel,19005,161.7,88.0,40,8
2023-04-28T19:45:59.662962,wheel,19005,157.4,88.0,40,8
2023-04-28T19:46:00.147901,crank,52853,177.4,89.2,40,8
2023-04-28T19:46:00.162197,wheel,19005,172.8,87.0,40,8
2023-04-28T19:46:00.647262,crank,52853,173.4,88.9,40,8
2023-04-28T19:46:01.160985,wheel,19005,171.4,87.0,40,8
2023-04-28T19:46:01.646265,crank,52853,178.3,87.6,40,8
2023-04-28T19:46:01.660382,wheel,19005,163.9,87.0,40,8
2023-04-28T19:46:02.145441,crank,52853,180.6,88.7,40,8
2023-04-28T19:46:02.159729,wheel,19005,170.1,86.0,40,8
2023-04-28T19:46:02.659126,wheel,19005,175.8,86.0,40,8
2023-04-28T19:46:03.657928,wheel,19005,167.8,86.0,40,8
2023-04-28T19:46:03.893633,crank,52853,190.1,87.8,40,8
2023-04-28T19:46:04.157320,wheel,19005,183.2,86.0,40,8
2023-04-28T19:46:04.642464,crank,52853,239.4,87.4,40,8
2023-04-28T19:46:05.156180,wheel,19005,204.2,87.0,40,8
2023-04-28T19:46:05.391553,crank,52853,244.1,89.1,40,8
2023-04-28T19:46:05.655434,wheel,19005,182.7,87.0,40,8
2023-04-28T19:46:06.140670,crank,52853,200.2,88.9,40,8
2023-04-28T19:46:06.654458,wheel,19005,183.3,87.0,40,8
2023-04-28T19:46:06.889763,crank,52853,196.0,88.6,40,8
2023-04-28T19:46:07.153709,wheel,19005,181.2,86.0,40,8
2023-04-28T19:46:07.638835,crank,52853,186.6,89.1,40,8
2023-04-28T19:46:07.652988,wheel,19005,176.0,86.0,40,8
2023-04-28T19:46:08.152402,wheel,19005,166.9,87.0,40,8
2023-04-28T19:46:08.388006,crank,52853,177.7,88.1,40,8
2023-04-28T19:46:08.637850,crank,52853,182.8,87.3,40,8
2023-04-28T19:46:09.151158,wheel,19005,167.1,87.0,40,8
2023-04-28T19:46:09.650547,wheel,19005,163.3,87.0,40,8
2023-04-28T19:46:10.136308,crank,52853,187.1,88.1,40,8
2023-04-28T19:46:10.150165,wheel,19005,176.1,86.0,40,8
2023-04-28T19:46:10.649430,wheel,19005,194.4,86.0,40,8
2023-04-28T19:46:10.884955,crank,52853,203.3,87.6,40,8
2023-04-28T19:46:11.384556,crank,52853,206.7,88.3,40,8
2023-04-28T19:46:12.133721,crank,52853,198.6,88.2,40,8
2023-04-28T19:46:12.147567,wheel,19005,188.6,86.0,40,8
2023-04-28T19:46:12.646855,wheel,19005,181.4,86.0,40,8
2023-04-28T19:46:12.882982,crank,52853,195.7,88.5,40,8
2023-04-28T19:46:13.146250,wheel,19005,180.8,87.0,40,8
2023-04-28T19:46:13.631745,crank,52853,206.6,88.7,40,8
2023-04-28T19:46:13.645652,wheel,19005,181.9,87.0,40,8
2023-04-28T19:46:14.380761,crank,52853,211.5,88.5,40,8
2023-04-28T19:46:14.644436,wheel,19005,189.1,87.0,40,8
2023-04-28T19:46:15.129854,crank,52853,195.8,89.7,40,8
2023-04-28T19:46:15.143811,wheel,19005,172.9,87.0,40,8
2023-04-28T19:46:15.643425,wheel,19005,177.6,87.0,40,8
2023-04-28T19:46:15.878952,crank,52853,183.8,88.6,40,8
2023-04-28T19:46:16.142592,wheel,19005,181.7,87.0,40,8
2023-04-28T19:46:16.628105,crank,52853,192.2,88.8,40,8
2023-04-28T19:46:17.141446,wheel,19005,172.1,86.0,40,8
2023-04-28T19:46:17.377150,crank,52853,191.2,88.4,40,8
2023-04-28T19:46:17.627042,crank,52853,201.1,89.3,40,8
2023-04-28T19:46:17.640810,wheel,19005,181.6,86.0,40,8
2023-04-28T19:46:18.140129,wheel,19005,187.3,87.0,40,8
2023-04-28T19:46:18.639494,wheel,19005,185.9,87.0,40,8
2023-04-28T19:46:18.875357,crank,52853,203.2,89.5,40,8
2023-04-28T19:46:19.638482,wheel,19005,196.6,88.0,40,8
2023-04-28T19:46:20.137683,wheel,19005,193.5,88.0,40,8
2023-04-28T19:46:20.623245,crank,52853,214.5,89.8,40,8
2023-04-28T19:46:20.637139,wheel,19005,194.1,88.0,40,8
2023-04-28T19:46:21.136565,wheel,19005,210.2,88.0,40,8
2023-04-28T19:46:21.622065,crank,52853,207.6,90.2,40,8
2023-04-28T19:46:22.121437,crank,52853,190.4,90.5,40,8
2023-04-28T19:46:22.135211,wheel,19005,187.6,88.0,40,8
2023-04-28T19:46:22.634840,wheel,19005,182.4,88.0,40,8
2023-04-28T19:46:23.134134,wheel,19005,186.8,88.0,40,8
2023-04-28T19:46:23.619636,crank,52853,195.5,89.8,40,8
2023-04-28T19:46:23.633379,wheel,19005,188.0,88.0,40,8
2023-04-28T19:46:24.368750,crank,52853,201.1,90.1,40,8
2023-04-28T19:46:24.632260,wheel,19005,189.2,88.0,40,8
2023-04-28T19:46:25.131556,wheel,19005,188.7,89.0,40,8
2023-04-28T19:46:25.368058,crank,52853,202.4,89.5,40,8
2023-04-28T19:46:25.630913,wheel,19005,184.8,89.0,40,8
2023-04-28T19:46:25.867162,crank,52853,212.1,91.0,40,8
2023-04-28T19:46:26.116766,crank,52853,200.2,89.7,40,8
2023-04-28T19:46:26.130325,wheel,19005,184.6,89.0,40,8
2023-04-28T19:46:26.865761,crank,52853,200.9,91.2,40,8
2023-04-28T19:46:27.378860,wheel,19005,187.7,88.0,40,8
2023-04-28T19:46:27.614843,crank,52853,202.7,90.0,40,8
2023-04-28T19:46:27.628458,wheel,19005,182.3,88.0,40,8
2023-04-28T19:46:28.128092,wheel,19005,190.3,89.0,40,8
2023-04-28T19:46:28.627258,wheel,19005,192.9,89.0,40,8
2023-04-28T19:46:28.863895,crank,52853,197.1,90.1,40,8
2023-04-28T19:46:29.612443,crank,52853,200.3,88.2,40,8
2023-04-28T19:46:29.875717,wheel,19005,181.3,89.0,40,8
2023-04-28T19:46:30.125514,wheel,19005,180.5,89.0,40,8
2023-04-28T19:46:30.361571,crank,52853,218.4,87.1,40,8
2023-04-28T19:46:30.624834,wheel,19005,187.2,88.0,40,8
2023-04-28T19:46:31.110651,crank,52853,216.3,94.0,40,8
2023-04-28T19:46:31.124255,wheel,19005,192.7,88.0,40,8
2023-04-28T19:46:31.859775,crank,52853,188.1,90.2,40,8
2023-04-28T19:46:32.109467,crank,52853,205.7,90.5,40,8
2023-04-28T19:46:32.122956,wheel,19005,199.8,88.0,40,8
2023-04-28T19:46:32.622333,wheel,19005,191.5,88.0,40,8
2023-04-28T19:46:32.858786,crank,52853,203.0,90.2,40,8
2023-04-28T19:46:33.121730,wheel,19005,182.8,88.0,40,8
2023-04-28T19:46:33.607754,crank,52853,203.1,91.0,40,8
2023-04-28T19:46:33.621158,wheel,19005,178.4,89.0,40,8
2023-04-28T19:46:34.107065,crank,52853,202.8,89.7,40,8
2023-04-28T19:46:34.619901,wheel,19005,186.3,89.0,40,8
2023-04-28T19:46:35.106366,crank,52853,208.9,90.8,40,8
2023-04-28T19:46:35.119524,wheel,19005,189.9,89.0,40,8
2023-04-28T19:46:35.855182,crank,52853,208.1,89.3,40,8
2023-04-28T19:46:36.104676,crank,52853,195.5,91.6,40,8
2023-04-28T19:46:36.118030,wheel,19005,180.5,89.0,40,8
2023-04-28T19:46:36.617425,wheel,19005,173.9,89.0,40,8
2023-04-28T19:46:37.353173,crank,52853,184.8,89.5,40,8
2023-04-28T19:46:37.602870,crank,52853,194.9,90.1,40,8
2023-04-28T19:46:37.616206,wheel,19005,184.4,88.0,40,8
2023-04-28T19:46:38.102264,crank,52853,201.2,90.2,40,8
2023-04-28T19:46:38.115585,wheel,19005,179.2,88.0,40,8
2023-04-28T19:46:38.615180,wheel,19005,181.8,89.0,40,8
2023-04-28T19:46:38.851416,crank,52853,204.7,92.1,40,8
2023-04-28T19:46:39.114429,wheel,19005,207.7,89.0,40,8
2023-04-28T19:46:39.600424,crank,52853,225.2,89.5,40,8
2023-04-28T19:46:40.113151,wheel,19005,226.0,89.0,40,8
2023-04-28T19:46:40.612642,wheel,19005,214.4,90.0,40,8
2023-04-28T19:46:41.111900,wheel,19005,212.4,90.0,40,8
2023-04-28T19:46:41.611288,wheel,19005,202.1,90.0,40,8
2023-04-28T19:46:42.097888,crank,52853,218.6,91.9,40,8
2023-04-28T19:46:42.610158,wheel,19005,195.2,89.0,40,8
2023-04-28T19:46:42.846582,crank,52853,196.4,91.6,40,8
2023-04-28T19:46:43.346175,crank,52853,203.7,90.1,40,8
2023-04-28T19:46:43.359238,wheel,19005,194.8,89.0,40,8
2023-04-28T19:46:43.608867,wheel,19005,194.1,89.0,40,8
2023-04-28T19:46:44.108468,wheel,19005,194.0,89.0,40,8
2023-04-28T19:46:44.344765,crank,52853,209.0,91.2,40,8
2023-04-28T19:46:44.844632,crank,52853,208.5,90.6,40,8
2023-04-28T19:46:45.107014,wheel,19005,194.1,89.0,40,8
2023-04-28T19:46:45.593342,crank,52853,224.1,90.8,40,8
2023-04-28T19:46:45.856110,wheel,19005,194.8,89.0,40,8
2023-04-28T19:46:46.105862,wheel,19005,195.6,89.0,40,8
2023-04-28T19:46:46.342381,crank,52853,218.1,92.0,40,8
2023-04-28T19:46:46.605171,wheel,19005,201.7,90.0,40,8
2023-04-28T19:46:47.091511,crank,52853,207.2,91.2,40,8
2023-04-28T19:46:47.341165,crank,52853,211.3,92.2,40,8
2023-04-28T19:46:47.604181,wheel,19005,195.7,89.0,40,8
2023-04-28T19:46:48.090303,crank,52853,197.3,90.8,40,8
2023-04-28T19:46:48.103471,wheel,19005,178.6,89.0,40,8
2023-04-28T19:46:48.589648,crank,52853,189.8,91.9,40,8
2023-04-28T19:46:48.602735,wheel,19005,159.1,90.0,40,8
2023-04-28T19:46:49.102129,wheel,19005,176.7,90.0,40,8
2023-04-28T19:46:49.338782,crank,52853,187.8,91.0,40,8
2023-04-28T19:46:50.087884,crank,52853,204.6,90.1,40,8
2023-04-28T19:46:50.100873,wheel,19005,195.2,89.0,40,8
2023-04-28T19:46:50.600278,wheel,19005,199.3,89.0,40,8
2023-04-28T19:46:51.099916,wheel,19005,202.7,89.0,40,8
2023-04-28T19:46:51.599142,wheel,19005,202.9,89.0,40,8
2023-04-28T19:46:51.835779,crank,52853,215.4,90.9,40,8
2023-04-28T19:46:52.085448,crank,52853,224.6,91.0,40,8
2023-04-28T19:46:52.597809,wheel,19005,205.2,89.0,40,8
2023-04-28T19:46:52.834586,crank,52853,230.8,91.5,40,8
2023-04-28T19:46:53.097320,wheel,19005,215.6,89.0,40,8
2023-04-28T19:46:53.333981,crank,52853,219.6,91.6,40,8
2023-04-28T19:46:53.596596,wheel,19005,210.3,90.0,40,8
2023-04-28T19:46:54.095982,wheel,19005,201.9,90.0,40,8
2023-04-28T19:46:54.332780,crank,52853,204.5,91.6,40,8
2023-04-28T19:46:55.082086,crank,52853,201.4,91.8,40,8
2023-04-28T19:46:55.094831,wheel,19005,196.1,90.0,40,8
2023-04-28T19:46:55.581250,crank,52853,210.5,90.3,40,8
2023-04-28T19:46:55.594147,wheel,19005,187.6,90.0,40,8
2023-04-28T19:46:55.831174,crank,52853,194.5,92.9,40,8
2023-04-28T19:46:56.093580,wheel,19005,174.1,90.0,40,8
2023-04-28T19:46:56.593033,wheel,19005,172.4,89.0,40,8
2023-04-28T19:46:57.329620,crank,52853,172.8,90.7,40,8
2023-04-28T19:46:57.591706,wheel,19005,175.5,88.0,40,8
2023-04-28T19:46:57.828659,crank,52853,168.6,90.1,40,8
2023-04-28T19:46:58.091276,wheel,19005,173.0,88.0,40,8
2023-04-28T19:46:58.577859,crank,52853,173.3,89.3,40,8
2023-04-28T19:46:58.590573,wheel,19005,176.6,88.0,40,8
2023-04-28T19:46:59.326988,crank,52853,186.6,89.5,40,8
2023-04-28T19:46:59.339707,wheel,19005,172.6,88.0,40,8
2023-04-28T19:47:00.088885,wheel,19005,181.9,88.0,40,8
2023-04-28T19:47:00.588020,wheel,19005,189.4,88.0,40,8
2023-04-28T19:47:00.825508,crank,52853,193.0,89.2,40,8
2023-04-28T19:47:01.087415,wheel,19005,177.2,88.0,40,8
2023-04-28T19:47:01.574077,crank,52853,192.2,90.1,40,8
2023-04-28T19:47:01.836467,wheel,19005,178.0,88.0,40,8
2023-04-28T19:47:02.323186,crank,52853,219.7,88.3,40,8
2023-04-28T19:47:02.572878,crank,52853,219.1,91.0,40,8
2023-04-28T19:47:02.585567,wheel,19005,205.0,88.0,40,8
2023-04-28T19:47:03.084933,wheel,19005,203.6,87.0,40,8
2023-04-28T19:47:03.584568,wheel,19005,203.0,87.0,40,8
2023-04-28T19:47:03.821343,crank,52853,195.0,90.2,40,8
2023-04-28T19:47:04.071111,crank,52853,193.8,90.0,40,8
2023-04-28T19:47:04.333423,wheel,19005,187.8,88.0,40,8
2023-04-28T19:47:04.570491,crank,52853,187.5,89.1,40,8
2023-04-28T19:47:05.082524,wheel,19005,181.5,88.0,40,8
2023-04-28T19:47:05.319573,crank,52853,179.2,89.6,40,8
2023-04-28T19:47:05.582041,wheel,19005,164.0,88.0,40,8
2023-04-28T19:47:06.068878,crank,52853,176.9,87.8,40,8
2023-04-28T19:47:06.081328,wheel,19005,158.5,87.0,40,8
2023-04-28T19:47:06.568051,crank,52853,182.8,89.4,40,8
2023-04-28T19:53:55.079857,wheel,19005,183.5,89.0,54,4
2023-04-28T19:53:55.579048,wheel,19005,193.4,89.0,54,4
2023-04-28T19:53:55.814819,crank,52853,219.4,91.1,54,4
2023-04-28T19:53:56.078434,wheel,19005,192.2,90.0,54,4
2023-04-28T19:53:56.813595,crank,52853,221.8,91.4,54,4
2023-04-28T19:53:57.077288,wheel,19005,196.7,91.0,54,4
2023-04-28T19:53:57.313032,crank,52853,217.5,93.0,54,4
2023-04-28T19:53:57.562729,crank,52853,191.8,92.9,54,4
2023-04-28T19:53:57.576602,wheel,19005,186.7,91.0,54,4
2023-04-28T19:53:58.075992,wheel,19005,181.0,91.0,54,4
2023-04-28T19:53:58.311812,crank,52853,182.9,91.0,54,4
2023-04-28T19:53:58.575601,wheel,19005,177.3,91.0,54,4
2023-04-28T19:53:59.060999,crank,52853,184.7,91.2,54,4
2023-04-28T19:53:59.560308,crank,52853,182.8,91.4,54,4
2023-04-28T19:53:59.574167,wheel,19005,172.2,90.0,54,4
2023-04-28T19:54:00.073779,wheel,19005,171.8,90.0,54,4
2023-04-28T19:54:00.309452,crank,52853,179.0,90.4,54,4
2023-04-28T19:54:00.822922,wheel,19005,171.9,90.0,54,4
2023-04-28T19:54:01.072322,wheel,19005,171.9,90.0,54,4
2023-04-28T19:54:01.308234,crank,52853,184.7,90.8,54,4
2023-04-28T19:54:02.057555,crank,52853,186.0,91.0,54,4
2023-04-28T19:54:02.556674,crank,52853,173.9,90.5,54,4
2023-04-28T19:54:02.570474,wheel,19005,171.6,90.0,54,4
2023-04-28T19:54:03.069856,wheel,19005,169.9,89.0,54,4
2023-04-28T19:54:03.305877,crank,52853,176.1,89.4,54,4
2023-04-28T19:54:03.555697,crank,52853,188.8,90.2,54,4
2023-04-28T19:54:03.569331,wheel,19005,170.0,89.0,54,4
2023-04-28T19:54:04.068631,wheel,19005,169.9,88.0,54,4
2023-04-28T19:54:04.554326,crank,52853,188.3,89.9,54,4
2023-04-28T19:54:05.053927,crank,52853,187.5,90.0,54,4
2023-04-28T19:54:05.067460,wheel,19005,169.8,89.0,54,4
2023-04-28T19:54:05.566811,wheel,19005,170.2,89.0,54,4
2023-04-28T19:54:05.803063,crank,52853,194.6,90.0,54,4
2023-04-28T19:54:06.315906,wheel,19005,170.2,89.0,54,4
2023-04-28T19:54:06.565713,wheel,19005,169.9,89.0,54,4
2023-04-28T19:54:06.801620,crank,52853,195.0,91.0,54,4
2023-04-28T19:54:07.301472,crank,52853,191.6,89.4,54,4
2023-04-28T19:54:07.564361,wheel,19005,169.8,89.0,54,4
2023-04-28T19:54:08.050479,crank,52853,194.9,90.1,54,4
2023-04-28T19:54:08.063889,wheel,19005,168.7,89.0,54,4
2023-04-28T19:54:08.299817,crank,52853,188.8,90.5,54,4
2023-04-28T19:54:08.813037,wheel,19005,169.1,89.0,54,4
2023-04-28T19:54:09.048925,crank,52853,187.4,88.7,54,4
2023-04-28T19:54:09.062529,wheel,19005,169.1,88.0,54,4
2023-04-28T19:54:09.548753,crank,52853,210.8,91.2,54,4
2023-04-28T19:54:10.061392,wheel,19005,198.2,89.0,54,4
2023-04-28T19:54:10.297520,crank,52853,234.0,90.6,54,4
2023-04-28T19:54:10.560673,wheel,19005,230.1,89.0,54,4
2023-04-28T19:54:11.296198,crank,52853,225.0,92.7,54,4
2023-04-28T19:54:11.309758,wheel,19005,198.8,91.0,54,4
2023-04-28T19:54:11.795601,crank,52853,206.3,92.0,54,4
2023-04-28T19:54:11.809144,wheel,19005,183.2,91.0,54,4
2023-04-28T19:54:12.544737,crank,52853,207.6,92.6,54,4
2023-04-28T19:54:12.558255,wheel,19005,188.3,91.0,54,4
2023-04-28T19:54:12.794407,crank,52853,207.1,92.8,54,4
2023-04-28T19:54:13.057750,wheel,19005,182.3,92.0,54,4
2023-04-28T19:54:13.557001,wheel,19005,180.7,92.0,54,4
2023-04-28T19:54:14.042929,crank,52853,205.0,92.7,54,4
2023-04-28T19:54:14.306129,wheel,19005,181.1,91.0,54,4
2023-04-28T19:54:15.041697,crank,52853,200.8,92.8,54,4
2023-04-28T19:54:15.055192,wheel,19005,179.8,92.0,54,4
2023-04-28T19:54:15.541120,crank,52853,189.8,92.8,54,4
2023-04-28T19:54:15.554565,wheel,19005,180.1,92.0,54,4
2023-04-28T19:54:16.054225,wheel,19005,178.9,92.0,54,4
2023-04-28T19:54:16.553357,wheel,19005,178.9,92.0,54,4
2023-04-28T19:54:17.552383,wheel,19005,179.1,91.0,54,4
2023-04-28T19:54:18.052347,wheel,19005,179.7,92.0,54,4
2023-04-28T19:54:18.538775,crank,52853,201.2,92.6,54,4
2023-04-28T19:54:18.550890,wheel,19005,180.0,92.0,54,4
2023-04-28T19:54:18.787251,crank,52853,208.4,93.0,54,4
2023-04-28T19:54:19.050605,wheel,19005,183.8,91.0,54,4
2023-04-28T19:54:19.286615,crank,52853,222.3,93.4,54,4
2023-04-28T19:54:20.049043,wheel,19005,194.0,93.0,54,4
2023-04-28T19:54:20.285650,crank,52853,214.0,94.2,54,4
2023-04-28T19:54:20.535222,crank,52853,208.6,93.9,54,4
2023-04-28T19:54:20.548450,wheel,19005,190.6,93.0,54,4
2023-04-28T19:54:21.047953,wheel,19005,187.4,93.0,54,4
2023-04-28T19:54:21.284283,crank,52853,211.1,94.6,54,4
2023-04-28T19:54:21.547258,wheel,19005,185.4,93.0,54,4
2023-04-28T19:54:21.783829,crank,52853,204.6,93.7,54,4
2023-04-28T19:54:22.532916,crank,52853,206.6,93.4,54,4
2023-04-28T19:54:22.546084,wheel,19005,184.0,93.0,54,4
2023-04-28T19:54:23.045398,wheel,19005,183.9,93.0,54,4
2023-04-28T19:54:23.531511,crank,52853,216.1,93.9,54,4
2023-04-28T19:54:23.544788,wheel,19005,184.1,93.0,54,4
2023-04-28T19:54:24.031140,crank,52853,214.3,94.4,54,4
2023-04-28T19:54:24.044227,wheel,19005,184.3,92.0,54,4
2023-04-28T19:54:24.780236,crank,52853,202.0,93.8,54,4
2023-04-28T19:54:25.029718,crank,52853,202.3,94.4,54,4
2023-04-28T19:54:25.042932,wheel,19005,184.9,93.0,54,4
2023-04-28T19:54:25.542542,wheel,19005,184.7,93.0,54,4
2023-04-28T19:54:25.778827,crank,52853,203.4,94.0,54,4
2023-04-28T19:54:26.041714,wheel,19005,184.2,93.0,54,4
2023-04-28T19:54:26.278426,crank,52853,213.9,93.4,54,4
2023-04-28T19:54:26.541084,wheel,19005,184.3,93.0,54,4
2023-04-28T19:54:27.027720,crank,52853,217.4,94.5,54,4
2023-04-28T19:54:27.539879,wheel,19005,184.6,93.0,54,4
2023-04-28T19:54:28.026135,crank,52853,205.8,93.4,54,4
2023-04-28T19:54:28.039305,wheel,19005,184.9,93.0,54,4
2023-04-28T19:54:28.526011,crank,52853,210.0,94.1,54,4
2023-04-28T19:54:28.538754,wheel,19005,184.9,93.0,54,4
2023-04-28T19:54:29.038200,wheel,19005,186.0,92.0,54,4
2023-04-28T19:54:29.274707,crank,52853,203.7,95.0,54,4
2023-04-28T19:54:30.036832,wheel,19005,186.3,93.0,54,4
2023-04-28T19:54:30.273427,crank,52853,202.9,94.5,54,4
2023-04-28T19:54:30.536313,wheel,19005,174.8,93.0,54,4
2023-04-28T19:54:30.772979,crank,52853,180.2,94.3,54,4
2023-04-28T19:54:31.035600,wheel,19005,168.9,93.0,54,4
2023-04-28T19:54:31.534978,wheel,19005,168.8,93.0,54,4
2023-04-28T19:54:32.520686,crank,52853,192.9,93.1,54,4
2023-04-28T19:54:33.020103,crank,52853,209.6,93.5,54,4
2023-04-28T19:54:33.033114,wheel,19005,179.6,92.0,54,4
2023-04-28T19:54:33.532615,wheel,19005,191.3,93.0,54,4
2023-04-28T19:54:33.769208,crank,52853,212.1,93.4,54,4
2023-04-28T19:54:34.018916,crank,52853,210.5,94.3,54,4
2023-04-28T19:54:34.031913,wheel,19005,198.1,93.0,54,4
2023-04-28T19:54:34.531294,wheel,19005,191.3,92.0,54,4
2023-04-28T19:54:35.517128,crank,52853,211.9,94.3,54,4
2023-04-28T19:54:35.530074,wheel,19005,187.1,93.0,54,4
2023-04-28T19:54:36.029473,wheel,19005,186.0,93.0,54,4
2023-04-28T19:54:36.516073,crank,52853,189.0,93.9,54,4
2023-04-28T19:54:36.528930,wheel,19005,171.2,93.0,54,4
2023-04-28T19:54:37.028246,wheel,19005,160.2,93.0,54,4
2023-04-28T19:54:37.265511,crank,52853,168.2,92.2,54,4
2023-04-28T19:54:37.764495,crank,52853,172.4,93.6,54,4
2023-04-28T19:54:38.027340,wheel,19005,170.1,92.0,54,4
2023-04-28T19:54:38.513503,crank,52853,177.9,93.1,54,4
2023-04-28T19:54:38.526442,wheel,19005,175.9,92.0,54,4
2023-04-28T19:54:39.025801,wheel,19005,176.9,92.0,54,4
2023-04-28T19:54:39.262647,crank,52853,188.9,91.5,54,4
2023-04-28T19:54:39.525253,wheel,19005,176.8,90.0,54,4
2023-04-28T19:54:40.760930,crank,52853,196.5,92.1,54,4
2023-04-28T19:54:40.773731,wheel,19005,181.0,91.0,54,4
2023-04-28T19:54:41.023344,wheel,19005,189.4,91.0,54,4
2023-04-28T19:54:41.510125,crank,52853,204.1,92.2,54,4
2023-04-28T19:54:41.772481,wheel,19005,185.0,91.0,54,4
2023-04-28T19:54:42.022117,wheel,19005,180.5,91.0,54,4
2023-04-28T19:54:42.259266,crank,52853,192.6,92.0,54,4
2023-04-28T19:54:43.270592,wheel,19005,177.3,91.0,54,4
2023-04-28T19:54:43.520300,wheel,19005,178.0,91.0,54,4
2023-04-28T19:54:43.757453,crank,52853,195.9,91.8,54,4
2023-04-28T19:54:44.019691,wheel,19005,178.0,91.0,54,4
2023-04-28T19:54:44.519163,wheel,19005,177.5,90.0,54,4
2023-04-28T19:54:45.255643,crank,52853,187.6,92.2,54,4
2023-04-28T19:54:45.517836,wheel,19005,176.6,91.0,54,4
2023-04-28T19:54:46.004741,crank,52853,184.7,91.6,54,4
2023-04-28T19:54:46.017461,wheel,19005,175.1,91.0,54,4
2023-04-28T19:54:46.254223,crank,52853,183.3,91.2,54,4
2023-04-28T19:54:46.516628,wheel,19005,174.6,91.0,54,4
2023-04-28T19:54:47.003335,crank,52853,192.7,91.2,54,4
2023-04-28T19:54:47.015986,wheel,19005,173.9,91.0,54,4
2023-04-28T19:54:48.252320,crank,52853,206.2,91.8,54,4
2023-04-28T19:54:48.514152,wheel,19005,187.2,91.0,54,4
2023-04-28T19:54:49.000974,crank,52853,193.8,93.0,54,4
2023-04-28T19:54:49.013652,wheel,19005,184.2,91.0,54,4
2023-04-28T19:54:49.512947,wheel,19005,181.2,90.0,54,4
2023-04-28T19:54:49.999715,crank,52853,188.8,92.3,54,4
2023-04-28T19:54:50.012339,wheel,19005,179.0,90.0,54,4
2023-04-28T19:54:50.998776,crank,52853,202.3,92.3,54,4
2023-04-28T19:54:51.497913,crank,52853,187.4,93.0,54,4
2023-04-28T19:54:52.246997,crank,52853,187.1,91.9,54,4
2023-04-28T19:54:52.509381,wheel,19005,176.8,91.0,54,4
2023-04-28T19:54:53.246014,crank,52853,207.5,91.8,54,4
2023-04-28T19:54:53.508048,wheel,19005,185.8,91.0,54,4
2023-04-28T19:54:53.745237,crank,52853,221.1,93.0,54,4
2023-04-28T19:54:54.257134,wheel,19005,199.4,91.0,54,4
2023-04-28T19:54:54.744182,crank,52853,227.9,93.3,54,4
2023-04-28T19:54:55.493347,crank,52853,207.1,94.5,54,4
2023-04-28T19:54:55.505735,wheel,19005,200.5,91.0,54,4
2023-04-28T19:54:55.992511,crank,52853,193.8,94.3,54,4
2023-04-28T19:54:56.504360,wheel,19005,190.1,93.0,54,4
2023-04-28T19:54:56.741615,crank,52853,195.5,93.8,54,4
2023-04-28T19:54:57.003891,wheel,19005,185.1,93.0,54,4
2023-04-28T19:54:57.490705,crank,52853,196.5,93.4,54,4
2023-04-28T19:54:57.503136,wheel,19005,184.3,93.0,54,4
2023-04-28T19:54:58.002518,wheel,19005,185.2,93.0,54,4
2023-04-28T19:54:58.239819,crank,52853,207.9,93.2,54,4
2023-04-28T19:54:58.988907,crank,52853,219.7,94.7,54,4
2023-04-28T19:54:59.239132,crank,52853,206.8,94.7,54,4
2023-04-28T19:54:59.251199,wheel,19005,188.0,93.0,54,4
2023-04-28T19:54:59.500701,wheel,19005,187.1,93.0,54,4
2023-04-28T19:54:59.988185,crank,52853,189.5,95.7,54,4
2023-04-28T19:55:00.487124,crank,52853,196.6,93.4,54,4
2023-04-28T19:55:00.499670,wheel,19005,186.4,92.0,54,4
2023-04-28T19:55:01.236437,crank,52853,208.8,92.3,54,4
2023-04-28T19:55:01.985559,crank,52853,205.8,96.0,54,4
2023-04-28T19:55:01.997706,wheel,19005,185.1,93.0,54,4
2023-04-28T19:55:02.734625,crank,52853,204.0,94.3,54,4
2023-04-28T19:55:02.984130,crank,52853,211.5,93.9,54,4
2023-04-28T19:55:03.733223,crank,52853,210.5,94.7,54,4
2023-04-28T19:55:03.745474,wheel,19005,185.2,93.0,54,4
2023-04-28T19:55:04.482341,crank,52853,215.8,94.6,54,4
2023-04-28T19:55:04.494549,wheel,19005,190.8,93.0,54,4
2023-04-28T19:55:04.981952,crank,52853,214.8,95.4,54,4
2023-04-28T19:55:05.243651,wheel,19005,196.9,93.0,54,4
2023-04-28T19:55:05.731058,crank,52853,203.5,95.0,54,4
2023-04-28T19:55:06.242423,wheel,19005,190.3,94.0,54,4
2023-04-28T19:55:06.729642,crank,52853,202.0,94.7,54,4
2023-04-28T19:55:06.979340,crank,52853,204.9,94.7,54,4
2023-04-28T19:55:06.991518,wheel,19005,187.5,94.0,54,4
2023-04-28T19:55:07.478751,crank,52853,201.7,94.5,54,4
2023-04-28T19:55:07.490898,wheel,19005,187.2,94.0,54,4
2023-04-28T19:55:07.990556,wheel,19005,186.9,94.0,54,4
2023-04-28T19:55:08.227859,crank,52853,200.3,94.3,54,4
2023-04-28T19:55:08.489683,wheel,19005,186.3,94.0,54,4
2023-04-28T19:55:08.976912,crank,52853,201.5,94.9,54,4
2023-04-28T19:55:09.726039,crank,52853,200.3,94.3,54,4
2023-04-28T19:55:09.987848,wheel,19005,186.0,92.0,54,4
2023-04-28T19:55:10.475116,crank,52853,208.9,94.5,54,4
2023-04-28T19:55:10.487221,wheel,19005,186.0,92.0,54,4
2023-04-28T19:55:10.986712,wheel,19005,186.0,93.0,54,4
2023-04-28T19:55:11.224230,crank,52853,212.6,94.6,54,4
2023-04-28T19:55:11.486122,wheel,19005,193.8,93.0,54,4
2023-04-28T19:55:11.973342,crank,52853,214.5,94.5,54,4
2023-04-28T19:55:12.484814,wheel,19005,196.3,94.0,54,4
2023-04-28T19:55:12.972324,crank,52853,198.4,94.7,54,4
2023-04-28T19:55:12.984244,wheel,19005,184.7,94.0,54,4
2023-04-28T19:55:13.471502,crank,52853,189.8,94.5,54,4
2023-04-28T19:55:13.483548,wheel,19005,178.6,94.0,54,4
2023-04-28T19:55:13.982959,wheel,19005,177.5,93.0,54,4
2023-04-28T19:55:14.220618,crank,52853,199.8,94.1,54,4
2023-04-28T19:55:14.470552,crank,52853,202.7,92.0,54,4
2023-04-28T19:55:15.219655,crank,52853,218.8,97.6,54,4
2023-04-28T19:55:15.231502,wheel,19005,183.3,92.0,54,4
2023-04-28T19:55:15.481088,wheel,19005,186.9,92.0,54,4
2023-04-28T19:55:15.718841,crank,52853,220.4,94.6,54,4
2023-04-28T19:55:15.980594,wheel,19005,197.8,94.0,54,4
2023-04-28T19:55:16.467981,crank,52853,233.7,96.2,54,4
2023-04-28T19:55:16.479939,wheel,19005,206.6,94.0,54,4
2023-04-28T19:55:17.217020,crank,52853,228.9,96.6,54,4
2023-04-28T19:55:17.728351,wheel,19005,198.4,95.0,54,4
2023-04-28T19:55:17.966155,crank,52853,216.9,96.8,54,4
2023-04-28T19:55:17.978025,wheel,19005,194.6,95.0,54,4
2023-04-28T19:55:18.216088,crank,52853,212.4,96.0,54,4
2023-04-28T19:55:18.477424,wheel,19005,193.2,95.0,54,4
2023-04-28T19:55:18.965341,crank,52853,212.9,96.2,54,4
2023-04-28T19:55:18.976948,wheel,19005,193.0,95.0,54,4
2023-04-28T19:55:19.714536,crank,52853,203.4,96.2,54,4
2023-04-28T19:55:19.975591,wheel,19005,192.4,94.0,54,4
2023-04-28T19:55:20.213433,crank,52853,206.7,96.0,54,4
2023-04-28T19:55:20.475158,wheel,19005,193.0,94.0,54,4
2023-04-28T19:55:20.962523,crank,52853,213.4,96.5,54,4
2023-04-28T19:55:20.974374,wheel,19005,193.2,95.0,54,4
2023-04-28T19:55:21.473765,wheel,19005,191.8,95.0,54,4
2023-04-28T19:55:21.961760,crank,52853,206.9,95.9,54,4
2023-04-28T19:55:22.472647,wheel,19005,191.8,95.0,54,4
2023-04-28T19:55:22.710569,crank,52853,217.0,95.5,54,4
2023-04-28T19:55:22.971901,wheel,19005,190.9,95.0,54,4
2023-04-28T19:55:23.471290,wheel,19005,190.9,95.0,54,4
2023-04-28T19:55:23.709217,crank,52853,216.6,96.2,54,4
2023-04-28T19:55:23.970792,wheel,19005,191.8,95.0,54,4
2023-04-28T19:55:24.208644,crank,52853,214.4,95.6,54,4
2023-04-28T19:55:24.458322,crank,52853,221.2,96.2,54,4
2023-04-28T19:55:24.969465,wheel,19005,192.1,94.0,54,4
2023-04-28T19:55:25.207430,crank,52853,206.2,96.2,54,4
2023-04-28T19:55:25.468926,wheel,19005,192.7,94.0,54,4
2023-04-28T19:55:25.706861,crank,52853,207.5,96.4,54,4
2023-04-28T19:55:25.968232,wheel,19005,191.8,95.0,54,4
2023-04-28T19:55:26.455904,crank,52853,217.6,96.2,54,4
2023-04-28T19:55:26.467617,wheel,19005,193.2,95.0,54,4
2023-04-28T19:55:27.205105,crank,52853,205.9,95.6,54,4
2023-04-28T19:55:27.466398,wheel,19005,189.6,95.0,54,4
2023-04-28T19:55:27.954121,crank,52853,194.4,96.5,54,4
2023-04-28T19:55:27.965795,wheel,19005,182.2,95.0,54,4
2023-04-28T19:55:28.203793,crank,52853,195.7,94.3,54,4
2023-04-28T19:55:28.465285,wheel,19005,185.0,95.0,54,4
2023-04-28T19:55:28.952922,crank,52853,204.5,95.4,54,4
2023-04-28T19:55:28.964544,wheel,19005,186.9,94.0,54,4
2023-04-28T19:55:29.452323,crank,52853,204.2,95.2,54,4
2023-04-28T19:55:29.963541,wheel,19005,188.7,93.0,54,4
2023-04-28T19:55:30.201450,crank,52853,210.4,95.1,54,4
2023-04-28T19:55:30.462717,wheel,19005,187.3,93.0,54,4
2023-04-28T19:55:30.962121,wheel,19005,170.0,94.0,54,4
2023-04-28T19:55:31.200227,crank,52853,192.4,94.5,54,4
2023-04-28T19:55:31.699634,crank,52853,168.8,94.7,54,4
2023-04-28T19:55:31.711195,wheel,19005,153.9,94.0,54,4
2023-04-28T19:55:31.949328,crank,52853,175.2,93.1,54,4
2023-04-28T19:55:32.460271,wheel,19005,158.8,93.0,54,4
2023-04-28T19:55:32.959891,wheel,19005,176.8,92.0,54,4
2023-04-28T19:55:33.197852,crank,52853,187.9,93.2,54,4
2023-04-28T19:55:33.447545,crank,52853,198.6,93.1,54,4
2023-04-28T19:55:33.708823,wheel,19005,179.9,92.0,54,4
2023-04-28T19:55:33.946934,crank,52853,203.8,93.8,54,4
2023-04-28T19:55:33.958438,wheel,19005,180.4,92.0,54,4
2023-04-28T19:55:34.945830,crank,52853,200.8,93.2,54,4
2023-04-28T19:55:34.957320,wheel,19005,181.6,91.0,54,4
2023-04-28T19:55:35.456581,wheel,19005,182.3,91.0,54,4
2023-04-28T19:55:35.695040,crank,52853,202.1,93.4,54,4
2023-04-28T19:55:36.194232,crank,52853,205.4,94.5,54,4
2023-04-28T19:55:36.205701,wheel,19005,182.9,93.0,54,4
2023-04-28T19:55:36.455475,wheel,19005,184.3,93.0,54,4
2023-04-28T19:55:36.943299,crank,52853,199.8,93.7,54,4
2023-04-28T19:55:37.442753,crank,52853,189.2,94.2,54,4
2023-04-28T19:55:37.454193,wheel,19005,181.4,93.0,54,4
2023-04-28T19:55:37.942366,crank,52853,183.0,93.4,54,4
2023-04-28T19:55:37.953626,wheel,19005,180.9,93.0,54,4
2023-04-28T19:55:38.452939,wheel,19005,177.1,93.0,54,4
2023-04-28T19:55:38.691477,crank,52853,186.3,92.7,54,4
2023-04-28T19:55:38.952313,wheel,19005,173.6,92.0,54,4
2023-04-28T19:55:39.440524,crank,52853,185.0,92.5,54,4
2023-04-28T19:55:39.690033,crank,52853,181.6,92.2,54,4
2023-04-28T19:55:39.951101,wheel,19005,167.1,92.0,54,4
2023-04-28T19:55:40.439145,crank,52853,185.8,91.3,54,4
2023-04-28T19:55:40.950113,wheel,19005,169.6,90.0,54,4
2023-04-28T19:55:41.188288,crank,52853,190.2,91.7,54,4
2023-04-28T19:55:41.449254,wheel,19005,173.9,91.0,54,4
2023-04-28T19:55:41.688078,crank,52853,193.8,92.1,54,4
2023-04-28T19:55:41.948649,wheel,19005,175.2,91.0,54,4
2023-04-28T19:55:42.436931,crank,52853,202.0,92.1,54,4
2023-04-28T19:55:42.947590,wheel,19005,188.3,91.0,54,4
2023-04-28T19:55:43.435150,crank,52853,220.0,91.0,54,4
2023-04-28T19:55:43.446827,wheel,19005,206.2,91.0,54,4
2023-04-28T19:55:43.934541,crank,52853,223.2,93.4,54,4
2023-04-28T19:55:43.946281,wheel,19005,205.2,91.0,54,4
2023-04-28T19:55:44.445718,wheel,19005,191.4,92.0,54,4
2023-04-28T19:55:44.683569,crank,52853,200.8,93.2,54,4
2023-04-28T19:55:44.933147,crank,52853,201.4,93.9,54,4
2023-04-28T19:55:45.444371,wheel,19005,183.9,91.0,54,4
2023-04-28T19:55:45.682156,crank,52853,199.1,92.5,54,4
2023-04-28T19:55:45.943841,wheel,19005,182.3,91.0,54,4
2023-04-28T19:55:46.181529,crank,52853,190.1,94.3,54,4
2023-04-28T19:55:46.443139,wheel,19005,182.1,92.0,54,4
2023-04-28T19:55:46.930500,crank,52853,174.1,92.5,54,4
2023-04-28T19:55:46.942512,wheel,19005,180.4,92.0,54,4
2023-04-28T19:55:47.679560,crank,52853,183.8,92.4,54,4
2023-04-28T19:55:47.941314,wheel,19005,179.1,92.0,54,4
2023-04-28T19:55:48.428523,crank,52853,186.8,92.7,54,4
2023-04-28T19:55:48.440673,wheel,19005,178.9,92.0,54,4
2023-04-28T19:55:48.940174,wheel,19005,178.6,92.0,54,4
2023-04-28T19:55:49.427231,crank,52853,197.4,92.3,54,4
2023-04-28T19:55:49.689278,wheel,19005,179.5,91.0,54,4
2023-04-28T19:55:50.176222,crank,52853,220.5,92.7,54,4
2023-04-28T19:55:50.438324,wheel,19005,192.8,91.0,54,4
2023-04-28T19:55:50.925203,crank,52853,221.2,93.7,54,4
2023-04-28T19:55:50.937601,wheel,19005,197.0,91.0,54,4
2023-04-28T19:55:51.424586,crank,52853,210.4,95.1,54,4
2023-04-28T19:55:51.436991,wheel,19005,188.8,93.0,54,4
2023-04-28T19:55:52.186087,wheel,19005,187.1,93.0,54,4
2023-04-28T19:55:52.423314,crank,52853,200.9,94.2,54,4
2023-04-28T19:55:52.935167,wheel,19005,186.3,93.0,54,4
2023-04-28T19:55:53.422331,crank,52853,201.8,94.5,54,4
2023-04-28T19:55:53.434683,wheel,19005,186.0,93.0,54,4
2023-04-28T19:55:53.921254,crank,52853,202.0,94.2,54,4
2023-04-28T19:55:53.933943,wheel,19005,186.2,93.0,54,4
2023-04-28T19:55:54.433405,wheel,19005,185.9,93.0,54,4
2023-04-28T19:55:54.920316,crank,52853,206.4,95.4,54,4
2023-04-28T19:55:55.419282,crank,52853,200.3,95.2,54,4
2023-04-28T19:55:55.432145,wheel,19005,188.4,93.0,54,4
2023-04-28T19:55:55.931516,wheel,19005,189.6,93.0,54,4
2023-04-28T19:55:56.168539,crank,52853,192.8,94.7,54,4
2023-04-28T19:55:56.930365,wheel,19005,190.2,94.0,54,4
2023-04-28T19:55:57.167086,crank,52853,200.1,94.7,54,4
2023-04-28T19:55:57.429648,wheel,19005,199.1,94.0,54,4
2023-04-28T19:55:57.666406,crank,52853,209.7,94.8,54,4
2023-04-28T19:58:38.969469,wheel,19005,205.2,87.0,54,6
2023-04-28T19:58:39.468674,wheel,19005,204.8,88.0,54,6
2023-04-28T19:58:39.703921,crank,52853,231.3,87.3,54,6
2023-04-28T19:58:40.452925,crank,52853,232.1,88.5,54,6
2023-04-28T19:58:40.467453,wheel,19005,209.2,88.0,54,6
2023-04-28T19:58:40.966925,wheel,19005,190.2,88.0,54,6
2023-04-28T19:58:41.451586,crank,52853,218.6,89.3,54,6
2023-04-28T19:58:41.466220,wheel,19005,175.7,88.0,54,6
2023-04-28T19:58:41.950949,crank,52853,209.9,88.6,54,6
2023-04-28T19:58:41.965590,wheel,19005,165.6,88.0,54,6
2023-04-28T19:58:42.700033,crank,52853,196.4,88.8,54,6
2023-04-28T19:58:42.964391,wheel,19005,181.6,87.0,54,6
2023-04-28T19:58:43.463737,wheel,19005,176.8,88.0,54,6
2023-04-28T19:58:43.948745,crank,52853,185.8,88.3,54,6
2023-04-28T19:58:43.963190,wheel,19005,170.0,88.0,54,6
2023-04-28T19:58:44.462477,wheel,19005,177.1,88.0,54,6
2023-04-28T19:58:44.697880,crank,52853,189.8,88.1,54,6
2023-04-28T19:58:45.446928,crank,52853,180.0,88.0,54,6
2023-04-28T19:58:45.461357,wheel,19005,182.3,88.0,54,6
2023-04-28T19:58:45.960664,wheel,19005,176.0,87.0,54,6
2023-04-28T19:58:46.196043,crank,52853,176.6,87.9,54,6
2023-04-28T19:58:46.460042,wheel,19005,162.2,87.0,54,6
2023-04-28T19:58:46.695263,crank,52853,182.4,87.9,54,6
2023-04-28T19:58:47.209119,wheel,19005,164.7,87.0,54,6
2023-04-28T19:58:47.444325,crank,52853,183.4,87.1,54,6
2023-04-28T19:58:47.694233,crank,52853,190.5,87.3,54,6
2023-04-28T19:58:47.958230,wheel,19005,167.5,86.0,54,6
2023-04-28T19:58:48.443314,crank,52853,187.9,87.6,54,6
2023-04-28T19:58:48.707269,wheel,19005,187.3,86.0,54,6
2023-04-28T19:58:48.956950,wheel,19005,184.9,87.0,54,6
2023-04-28T19:58:49.192493,crank,52853,189.6,87.6,54,6
2023-04-28T19:58:49.456328,wheel,19005,181.4,87.0,54,6
2023-04-28T19:58:50.440682,crank,52853,198.3,86.7,54,6
2023-04-28T19:58:50.455106,wheel,19005,179.8,87.0,54,6
2023-04-28T19:58:51.204256,wheel,19005,182.6,87.0,54,6
2023-04-28T19:58:51.454021,wheel,19005,207.9,87.0,54,6
2023-04-28T19:58:51.938860,crank,52853,218.4,87.8,54,6
2023-04-28T19:58:52.203037,wheel,19005,202.7,87.0,54,6
2023-04-28T19:58:52.687938,crank,52853,212.0,87.6,54,6
2023-04-28T19:58:53.437056,crank,52853,206.7,88.7,54,6
2023-04-28T19:58:53.451421,wheel,19005,192.1,86.0,54,6
2023-04-28T19:58:53.950810,wheel,19005,192.4,87.0,54,6
2023-04-28T19:58:54.186156,crank,52853,202.2,87.9,54,6
2023-04-28T19:58:54.450359,wheel,19005,188.9,87.0,54,6
2023-04-28T19:58:54.935295,crank,52853,206.2,88.1,54,6
2023-04-28T19:58:54.949578,wheel,19005,185.6,87.0,54,6
2023-04-28T19:58:55.684281,crank,52853,200.6,88.0,54,6
2023-04-28T19:58:55.934229,crank,52853,205.8,88.0,54,6
2023-04-28T19:58:55.948410,wheel,19005,186.4,87.0,54,6
2023-04-28T19:58:56.697566,wheel,19005,188.1,87.0,54,6
2023-04-28T19:58:56.947133,wheel,19005,174.5,87.0,54,6
2023-04-28T19:58:57.182570,crank,52853,207.7,88.0,54,6
2023-04-28T19:58:57.931626,crank,52853,198.8,87.9,54,6
2023-04-28T19:58:58.445289,wheel,19005,181.3,86.0,54,6
2023-04-28T19:58:58.930690,crank,52853,193.4,88.2,54,6
2023-04-28T19:58:58.944729,wheel,19005,181.5,87.0,54,6
2023-04-28T19:58:59.444035,wheel,19005,177.5,87.0,54,6
2023-04-28T19:58:59.679771,crank,52853,184.1,87.1,54,6
2023-04-28T19:58:59.943422,wheel,19005,167.6,87.0,54,6
2023-04-28T19:59:00.428857,crank,52853,177.2,87.9,54,6
2023-04-28T19:59:00.942204,wheel,19005,173.3,87.0,54,6
2023-04-28T19:59:01.177896,crank,52853,182.0,86.5,54,6
2023-04-28T19:59:01.427435,crank,52853,201.1,87.0,54,6
2023-04-28T19:59:01.441552,wheel,19005,182.6,87.0,54,6
2023-04-28T19:59:01.941029,wheel,19005,176.8,87.0,54,6
2023-04-28T19:59:02.440331,wheel,19005,180.3,87.0,54,6
2023-04-28T19:59:02.676154,crank,52853,193.6,87.9,54,6
2023-04-28T19:59:02.925611,crank,52853,206.3,87.1,54,6
2023-04-28T19:59:03.425210,crank,52853,213.3,87.8,54,6
2023-04-28T19:59:03.439168,wheel,19005,192.9,86.0,54,6
2023-04-28T19:59:03.938489,wheel,19005,187.9,87.0,54,6
2023-04-28T19:59:04.687618,wheel,19005,195.1,87.0,54,6
2023-04-28T19:59:04.923440,crank,52853,210.2,87.8,54,6
2023-04-28T19:59:04.937413,wheel,19005,187.0,87.0,54,6
2023-04-28T19:59:05.672531,crank,52853,208.7,88.5,54,6
2023-04-28T19:59:05.936039,wheel,19005,185.2,88.0,54,6
2023-04-28T19:59:06.435533,wheel,19005,181.5,88.0,54,6
2023-04-28T19:59:06.671081,crank,52853,192.6,88.7,54,6
2023-04-28T19:59:07.184524,wheel,19005,176.7,88.0,54,6
2023-04-28T19:59:07.420209,crank,52853,196.9,87.8,54,6
2023-04-28T19:59:07.434171,wheel,19005,181.0,88.0,54,6
2023-04-28T19:59:07.919821,crank,52853,204.1,88.0,54,6
2023-04-28T19:59:08.432946,wheel,19005,166.0,87.0,54,6
2023-04-28T19:59:08.668936,crank,52853,191.3,88.0,54,6
2023-04-28T19:59:08.918420,crank,52853,180.6,87.9,54,6
2023-04-28T19:59:08.932358,wheel,19005,161.8,87.0,54,6
2023-04-28T19:59:09.667513,crank,52853,182.6,88.0,54,6
2023-04-28T19:59:09.681424,wheel,19005,163.6,87.0,54,6
2023-04-28T19:59:09.931107,wheel,19005,169.7,87.0,54,6
2023-04-28T19:59:10.416592,crank,52853,186.1,86.8,54,6
2023-04-28T19:59:11.165704,crank,52853,196.8,87.4,54,6
2023-04-28T19:59:11.179577,wheel,19005,176.3,87.0,54,6
2023-04-28T19:59:11.665301,crank,52853,213.1,87.4,54,6
2023-04-28T19:59:11.928653,wheel,19005,190.4,87.0,54,6
2023-04-28T19:59:12.428153,wheel,19005,206.7,87.0,54,6
2023-04-28T19:59:12.663857,crank,52853,226.5,87.7,54,6
2023-04-28T19:59:12.927448,wheel,19005,191.5,87.0,54,6
2023-04-28T19:59:13.163505,crank,52853,217.8,88.3,54,6
2023-04-28T19:59:13.926289,wheel,19005,198.8,86.0,54,6
2023-04-28T19:59:14.162059,crank,52853,217.5,88.1,54,6
2023-04-28T19:59:14.411784,crank,52853,220.3,88.6,54,6
2023-04-28T19:59:14.425572,wheel,19005,199.2,88.0,54,6
2023-04-28T19:59:14.924956,wheel,19005,191.9,88.0,54,6
2023-04-28T19:59:15.160866,crank,52853,208.7,88.5,54,6
2023-04-28T19:59:15.424531,wheel,19005,188.4,88.0,54,6
2023-04-28T19:59:15.909999,crank,52853,212.0,89.1,54,6
2023-04-28T19:59:16.409351,crank,52853,204.2,88.4,54,6
2023-04-28T19:59:16.423114,wheel,19005,187.3,88.0,54,6
2023-04-28T19:59:16.922602,wheel,19005,179.3,88.0,54,6
2023-04-28T19:59:17.408152,crank,52853,196.7,88.5,54,6
2023-04-28T19:59:17.421880,wheel,19005,177.6,88.0,54,6
2023-04-28T19:59:17.907570,crank,52853,205.4,88.5,54,6
2023-04-28T19:59:17.921277,wheel,19005,184.0,88.0,54,6
2023-04-28T19:59:18.656652,crank,52853,199.9,87.6,54,6
2023-04-28T19:59:18.920051,wheel,19005,167.8,87.0,54,6
2023-04-28T19:59:19.419454,wheel,19005,162.9,88.0,54,6
2023-04-28T19:59:19.655506,crank,52853,185.4,88.5,54,6
2023-04-28T19:59:19.919043,wheel,19005,178.6,88.0,54,6
2023-04-28T19:59:20.154887,crank,52853,184.6,87.3,54,6
2023-04-28T19:59:20.418196,wheel,19005,181.7,87.0,54,6
2023-04-28T19:59:20.903948,crank,52853,191.9,87.5,54,6
2023-04-28T19:59:21.153634,crank,52853,185.8,87.9,54,6
2023-04-28T19:59:21.417215,wheel,19005,182.1,87.0,54,6
2023-04-28T19:59:21.902757,crank,52853,189.6,87.6,54,6
2023-04-28T19:59:22.166302,wheel,19005,182.6,87.0,54,6
2023-04-28T19:59:22.415721,wheel,19005,176.4,87.0,54,6
2023-04-28T19:59:23.151260,crank,52853,200.1,87.7,54,6
2023-04-28T19:59:23.164827,wheel,19005,173.9,87.0,54,6
2023-04-28T19:59:23.400947,crank,52853,202.9,87.5,54,6
2023-04-28T19:59:23.900333,crank,52853,203.1,87.9,54,6
2023-04-28T19:59:24.413553,wheel,19005,187.7,87.0,54,6
2023-04-28T19:59:24.649433,crank,52853,203.6,87.0,54,6
2023-04-28T19:59:24.912691,wheel,19005,184.8,87.0,54,6
2023-04-28T19:59:25.398552,crank,52853,213.8,87.7,54,6
2023-04-28T19:59:25.661728,wheel,19005,183.5,87.0,54,6
2023-04-28T19:59:25.911704,wheel,19005,185.4,87.0,54,6
2023-04-28T19:59:26.147646,crank,52853,208.6,88.0,54,6
2023-04-28T19:59:26.896732,crank,52853,202.8,87.8,54,6
2023-04-28T19:59:26.910198,wheel,19005,182.9,87.0,54,6
2023-04-28T19:59:27.409836,wheel,19005,167.4,87.0,54,6
2023-04-28T19:59:27.645810,crank,52853,202.1,87.8,54,6
2023-04-28T19:59:27.908968,wheel,19005,162.6,87.0,54,6
2023-04-28T19:59:28.394923,crank,52853,188.0,88.5,54,6
2023-04-28T19:59:28.658077,wheel,19005,156.6,86.0,54,6
2023-04-28T19:59:29.143999,crank,52853,184.8,87.4,54,6
2023-04-28T19:59:29.407118,wheel,19005,171.5,87.0,54,6
2023-04-28T19:59:29.643980,crank,52853,194.2,87.4,54,6
2023-04-28T19:59:29.906547,wheel,19005,179.7,87.0,54,6
2023-04-28T19:59:30.142807,crank,52853,195.8,87.7,54,6
2023-04-28T19:59:30.655614,wheel,19005,181.1,87.0,54,6
2023-04-28T19:59:30.891911,crank,52853,194.6,88.0,54,6
2023-04-28T19:59:30.905308,wheel,19005,181.4,87.0,54,6
2023-04-28T19:59:31.640975,crank,52853,198.2,87.3,54,6
2023-04-28T19:59:31.904344,wheel,19005,188.6,87.0,54,6
2023-04-28T19:59:32.390097,crank,52853,216.6,88.1,54,6
2023-04-28T19:59:32.653313,wheel,19005,201.9,87.0,54,6
2023-04-28T19:59:32.902841,wheel,19005,206.2,87.0,54,6
2023-04-28T19:59:33.139220,crank,52853,221.3,88.0,54,6
2023-04-28T19:59:33.402394,wheel,19005,190.5,87.0,54,6
2023-04-28T19:59:33.888306,crank,52853,206.9,87.7,54,6
2023-04-28T19:59:34.401008,wheel,19005,165.5,88.0,54,6
2023-04-28T19:59:34.637400,crank,52853,188.3,88.3,54,6
2023-04-28T19:59:34.887590,crank,52853,159.9,87.7,54,6
2023-04-28T19:59:34.900551,wheel,19005,144.7,88.0,54,6
2023-04-28T19:59:35.399763,wheel,19005,127.7,87.0,54,6
2023-04-28T19:59:35.899139,wheel,19005,130.5,87.0,54,6
2023-04-28T19:59:36.385791,crank,52853,143.2,87.0,54,6
2023-04-28T19:59:36.897934,wheel,19005,156.7,86.0,54,6
2023-04-28T19:59:37.134883,crank,52853,184.4,86.4,54,6
2023-04-28T19:59:37.397259,wheel,19005,176.9,86.0,54,6
2023-04-28T19:59:37.633765,crank,52853,204.9,86.8,54,6
2023-04-28T19:59:37.896894,wheel,19005,186.1,86.0,54,6
2023-04-28T19:59:38.382856,crank,52853,209.3,87.3,54,6
2023-04-28T19:59:38.396075,wheel,19005,180.5,86.0,54,6
2023-04-28T19:59:39.131977,crank,52853,199.5,87.5,54,6
2023-04-28T19:59:39.395010,wheel,19005,181.1,87.0,54,6
2023-04-28T19:59:39.881069,crank,52853,203.9,87.9,54,6
2023-04-28T19:59:39.894218,wheel,19005,190.8,87.0,54,6
2023-04-28T19:59:40.393639,wheel,19005,192.0,87.0,54,6
2023-04-28T19:59:40.630164,crank,52853,216.4,87.7,54,6
2023-04-28T19:59:40.893261,wheel,19005,198.8,87.0,54,6
2023-04-28T19:59:41.379251,crank,52853,217.6,87.8,54,6
2023-04-28T19:59:41.891752,wheel,19005,192.7,87.0,54,6
2023-04-28T19:59:42.128364,crank,52853,207.4,88.3,54,6
2023-04-28T19:59:42.378309,crank,52853,206.8,87.6,54,6
2023-04-28T19:59:42.391245,wheel,19005,193.8,87.0,54,6
2023-04-28T19:59:42.890758,wheel,19005,189.1,87.0,54,6
2023-04-28T19:59:43.127356,crank,52853,212.1,87.3,54,6
2023-04-28T19:59:43.389908,wheel,19005,178.6,87.0,54,6
2023-04-28T19:59:43.876700,crank,52853,207.7,88.0,54,6
2023-04-28T19:59:44.388689,wheel,19005,172.5,86.0,54,6
2023-04-28T19:59:44.625895,crank,52853,195.3,88.3,54,6
2023-04-28T19:59:44.888073,wheel,19005,176.3,87.0,54,6
2023-04-28T19:59:45.387676,wheel,19005,182.7,87.0,54,6
2023-04-28T19:59:45.624141,crank,52853,194.0,87.7,54,6
2023-04-28T19:59:45.886868,wheel,19005,181.9,87.0,54,6
2023-04-28T19:59:46.373245,crank,52853,203.8,87.8,54,6
2023-04-28T19:59:46.872830,crank,52853,197.8,87.5,54,6
2023-04-28T19:59:46.885752,wheel,19005,182.0,87.0,54,6
2023-04-28T19:59:47.385095,wheel,19005,181.7,87.0,54,6
2023-04-28T19:59:47.621905,crank,52853,196.2,87.9,54,6
2023-04-28T19:59:47.871451,crank,52853,201.9,87.4,54,6
2023-04-28T19:59:47.884390,wheel,19005,188.5,87.0,54,6
2023-04-28T19:59:48.383809,wheel,19005,180.8,87.0,54,6
2023-04-28T19:59:48.620531,crank,52853,200.5,87.5,54,6
2023-04-28T19:59:49.369647,crank,52853,204.4,87.7,54,6
2023-04-28T19:59:49.382523,wheel,19005,175.7,86.0,54,6
2023-04-28T19:59:49.882033,wheel,19005,176.8,87.0,54,6
2023-04-28T19:59:50.381333,wheel,19005,170.7,87.0,54,6
2023-04-28T19:59:50.618508,crank,52853,198.2,87.8,54,6
2023-04-28T19:59:50.880728,wheel,19005,176.6,87.0,54,6
2023-04-28T19:59:51.367647,crank,52853,198.6,87.1,54,6
2023-04-28T19:59:51.879499,wheel,19005,179.7,87.0,54,6
2023-04-28T19:59:52.116822,crank,52853,201.3,87.5,54,6
2023-04-28T19:59:52.378860,wheel,19005,179.7,87.0,54,6
2023-04-28T19:59:52.865597,crank,52853,201.8,87.7,54,6
2023-04-28T19:59:52.878323,wheel,19005,179.8,87.0,54,6
2023-04-28T19:59:53.377609,wheel,19005,184.8,87.0,54,6
2023-04-28T19:59:53.864224,crank,52853,202.5,87.3,54,6
2023-04-28T19:59:54.364118,crank,52853,213.5,87.6,54,6
2023-04-28T19:59:54.875798,wheel,19005,199.5,87.0,54,6
2023-04-28T19:59:55.113199,crank,52853,220.7,87.7,54,6
2023-04-28T19:59:55.375145,wheel,19005,204.2,87.0,54,6
2023-04-28T19:59:55.861914,crank,52853,211.2,88.4,54,6
2023-04-28T19:59:55.874574,wheel,19005,194.1,87.0,54,6
2023-04-28T19:59:56.111515,crank,52853,203.6,87.8,54,6
2023-04-28T19:59:56.374084,wheel,19005,186.8,87.0,54,6
2023-04-28T19:59:57.360068,crank,52853,206.4,87.8,54,6
2023-04-28T19:59:57.609712,crank,52853,207.6,87.3,54,6
2023-04-28T19:59:57.622404,wheel,19005,187.5,87.0,54,6
2023-04-28T19:59:57.872122,wheel,19005,194.4,87.0,54,6
2023-04-28T19:59:58.358824,crank,52853,206.3,88.9,54,6
2023-04-28T19:59:58.371473,wheel,19005,176.0,87.0,54,6
2023-04-28T19:59:58.858272,crank,52853,194.3,87.5,54,6
2023-04-28T19:59:58.870890,wheel,19005,165.9,86.0,54,6
2023-04-28T19:59:59.607352,crank,52853,193.9,87.6,54,6
2023-04-28T20:00:00.119431,wheel,19005,175.7,87.0,54,6
2023-04-28T20:00:00.369096,wheel,19005,181.1,87.0,54,6
2023-04-28T20:00:00.606110,crank,52853,197.9,87.9,54,6
2023-04-28T20:00:00.856099,crank,52853,197.8,87.8,54,6
2023-04-28T20:00:00.868446,wheel,19005,177.4,87.0,54,6
2023-04-28T20:00:01.367788,wheel,19005,176.6,87.0,54,6
2023-04-28T20:00:02.104218,crank,52853,192.0,87.6,54,6
2023-04-28T20:00:02.353958,crank,52853,187.7,87.6,54,6
2023-04-28T20:00:02.366618,wheel,19005,178.9,87.0,54,6
2023-04-28T20:00:02.865923,wheel,19005,180.3,87.0,54,6
2023-04-28T20:00:03.103077,crank,52853,196.9,87.5,54,6
2023-04-28T20:00:03.365384,wheel,19005,188.7,87.0,54,6
2023-04-28T20:00:03.602457,crank,52853,213.0,87.7,54,6
2023-04-28T20:00:03.864797,wheel,19005,192.8,87.0,54,6
2023-04-28T20:00:05.100651,crank,52853,212.9,88.0,54,6
2023-04-28T20:00:05.113162,wheel,19005,179.2,86.0,54,6
2023-04-28T20:00:05.362879,wheel,19005,194.7,87.0,54,6
2023-04-28T20:00:05.849727,crank,52853,206.3,87.5,54,6
2023-04-28T20:00:06.111952,wheel,19005,192.0,87.0,54,6
2023-04-28T20:00:06.361646,wheel,19005,179.0,88.0,54,6
2023-04-28T20:00:06.598885,crank,52853,203.9,88.3,54,6
2023-04-28T20:00:07.360419,wheel,19005,181.2,87.0,54,6
2023-04-28T20:00:07.859846,wheel,19005,182.6,87.0,54,6
2023-04-28T20:00:08.097079,crank,52853,195.7,87.7,54,6
2023-04-28T20:00:08.608913,wheel,19005,181.5,87.0,54,6
2023-04-28T20:00:08.846172,crank,52853,194.3,87.5,54,6
2023-04-28T20:00:09.096167,crank,52853,191.9,87.5,54,6
2023-04-28T20:00:09.108359,wheel,19005,174.6,87.0,54,6
2023-04-28T20:00:09.857440,wheel,19005,165.1,86.0,54,6
2023-04-28T20:00:10.344332,crank,52853,184.5,87.3,54,6
2023-04-28T20:00:10.356723,wheel,19005,167.1,87.0,54,6
2023-04-28T20:00:10.594291,crank,52853,195.2,87.5,54,6
2023-04-28T20:00:11.105783,wheel,19005,185.2,87.0,54,6
2023-04-28T20:00:11.343381,crank,52853,200.6,87.2,54,6
2023-04-28T20:00:11.355562,wheel,19005,195.7,87.0,54,6
2023-04-28T20:00:11.842552,crank,52853,202.2,87.9,54,6
2023-04-28T20:00:12.591638,crank,52853,204.8,87.1,54,6
2023-04-28T20:00:12.603944,wheel,19005,188.0,87.0,54,6
2023-04-28T20:00:12.853751,wheel,19005,186.7,87.0,54,6
2023-04-28T20:00:13.340733,crank,52853,212.0,87.6,54,6
2023-04-28T20:00:13.353021,wheel,19005,193.2,87.0,54,6
2023-04-28T20:00:13.852408,wheel,19005,184.2,87.0,54,6
2023-04-28T20:00:14.089853,crank,52853,208.9,87.5,54,6
2023-04-28T20:00:14.838967,crank,52853,197.4,88.1,54,6
2023-04-28T20:00:15.350585,wheel,19005,180.0,87.0,54,6
2023-04-28T20:00:15.588044,crank,52853,193.1,87.3,54,6
2023-04-28T20:00:15.850032,wheel,19005,171.6,87.0,54,6
2023-04-28T20:00:16.087475,crank,52853,200.9,88.1,54,6
2023-04-28T20:00:16.349363,wheel,19005,168.3,87.0,54,6
2023-04-28T20:00:16.836581,crank,52853,192.1,88.0,54,6
2023-04-28T20:00:16.848753,wheel,19005,172.2,87.0,54,6
2023-04-28T20:00:17.336094,crank,52853,186.9,88.0,54,6
2023-04-28T20:00:17.847485,wheel,19005,180.2,87.0,54,6
2023-04-28T20:00:18.085105,crank,52853,194.6,88.0,54,6
2023-04-28T20:00:18.346889,wheel,19005,182.6,87.0,54,6
2023-04-28T20:00:18.834346,crank,52853,199.1,87.3,54,6
2023-04-28T20:00:18.846383,wheel,19005,183.0,87.0,54,6
2023-04-28T20:00:19.345653,wheel,19005,184.0,86.0,54,6
2023-04-28T20:00:19.583456,crank,52853,199.8,86.8,54,6
2023-04-28T20:00:20.344450,wheel,19005,165.8,87.0,54,6
2023-04-28T20:00:20.582001,crank,52853,188.3,88.3,54,6
2023-04-28T20:00:20.843814,wheel,19005,183.2,87.0,54,6
2023-04-28T20:00:21.081447,crank,52853,193.9,86.9,54,6
2023-04-28T20:00:21.343215,wheel,19005,199.0,87.0,54,6
2023-04-28T20:00:21.830536,crank,52853,210.6,87.5,54,6
2023-04-28T20:00:21.842582,wheel,19005,189.1,87.0,54,6
2023-04-28T20:00:22.829340,crank,52853,211.0,88.0,54,6
2023-04-28T20:00:22.841322,wheel,19005,183.2,87.0,54,6
2023-04-28T20:00:23.340743,wheel,19005,184.5,87.0,54,6
2023-04-28T20:00:23.578440,crank,52853,202.2,87.9,54,6
2023-04-28T20:00:23.840117,wheel,19005,188.9,87.0,54,6
2023-04-28T20:00:24.327480,crank,52853,203.1,87.9,54,6
2023-04-28T20:00:24.339491,wheel,19005,191.2,87.0,54,6
2023-04-28T20:00:25.576155,crank,52853,201.9,88.0,54,6
2023-04-28T20:00:26.087366,wheel,19005,171.9,87.0,54,6
2023-04-28T20:00:26.325097,crank,52853,199.5,88.2,54,6
2023-04-28T20:00:26.337074,wheel,19005,172.8,87.0,54,6
2023-04-28T20:00:26.836399,wheel,19005,192.4,88.0,54,6
2023-04-28T20:00:27.323938,crank,52853,199.2,87.3,54,6
2023-04-28T20:00:27.335778,wheel,19005,168.2,88.0,54,6
2023-04-28T20:00:27.823540,crank,52853,174.4,88.1,54,6
2023-04-28T20:00:28.584359,wheel,19005,140.4,87.0,54,6
2023-04-28T20:00:28.822102,crank,52853,160.3,87.5,54,6
2023-04-28T20:00:28.833970,wheel,19005,171.1,87.0,54,6
2023-04-28T20:00:29.321512,crank,52853,179.6,86.2,54,6
2023-04-28T20:00:29.333417,wheel,19005,186.0,87.0,54,6
2023-04-28T20:00:29.832726,wheel,19005,188.7,85.0,54,6
2023-04-28T20:00:30.070656,crank,52853,200.1,86.2,54,6
2023-04-28T20:00:30.320328,crank,52853,198.2,86.9,54,6
2023-04-28T20:00:31.069407,crank,52853,198.6,87.1,54,6
2023-04-28T20:00:31.081227,wheel,19005,176.6,86.0,54,6
2023-04-28T20:00:31.330868,wheel,19005,187.0,86.0,54,6
2023-04-28T20:00:31.818513,crank,52853,200.8,87.3,54,6
2023-04-28T20:00:31.830285,wheel,19005,180.0,86.0,54,6
2023-04-28T20:00:32.329794,wheel,19005,187.9,86.0,54,6
2023-04-28T20:00:32.567576,crank,52853,204.3,87.0,54,6
2023-04-28T20:00:33.328404,wheel,19005,190.0,87.0,54,6
2023-04-28T20:00:33.566342,crank,52853,209.8,87.8,54,6
2023-04-28T20:00:33.827895,wheel,19005,199.2,87.0,54,6
2023-04-28T20:00:34.065761,crank,52853,209.7,87.8,54,6
2023-04-28T20:00:34.327184,wheel,19005,215.2,87.0,54,6
2023-04-28T20:00:34.814862,crank,52853,226.0,88.2,54,6
2023-04-28T20:00:34.826567,wheel,19005,220.0,87.0,54,6
2023-04-28T20:00:35.563913,crank,52853,225.6,88.7,54,6
2023-04-28T20:00:35.813631,crank,52853,210.7,88.9,54,6
2023-04-28T20:00:35.825360,wheel,19005,198.9,88.0,54,6
2023-04-28T20:00:36.324748,wheel,19005,203.8,88.0,54,6
2023-04-28T20:00:36.562753,crank,52853,222.2,89.0,54,6
2023-04-28T20:00:36.824240,wheel,19005,218.2,88.0,54,6
2023-04-28T20:00:37.311819,crank,52853,225.7,89.1,54,6
2023-04-28T20:00:37.323506,wheel,19005,208.4,88.0,54,6
2023-04-28T20:00:37.811235,crank,52853,213.7,89.1,54,6
2023-04-28T20:00:38.322362,wheel,19005,194.5,89.0,54,6
2023-04-28T20:00:38.560351,crank,52853,208.9,88.9,54,6
2023-04-28T20:00:38.821658,wheel,19005,194.8,89.0,54,6
2023-04-28T20:00:39.309432,crank,52853,210.7,88.9,54,6
2023-04-28T20:00:39.321031,wheel,19005,200.0,89.0,54,6
2023-04-28T20:00:39.820523,wheel,19005,195.6,88.0,54,6
2023-04-28T20:00:40.058653,crank,52853,211.8,89.0,54,6
2023-04-28T20:00:40.819237,wheel,19005,192.6,89.0,54,6
2023-04-28T20:00:41.057327,crank,52853,211.3,89.6,54,6
2023-04-28T20:00:41.318658,wheel,19005,209.0,89.0,54,6
2023-04-28T20:00:41.556821,crank,52853,216.7,89.2,54,6
2023-04-28T20:00:42.067777,wheel,19005,208.4,89.0,54,6
2023-04-28T20:00:42.305922,crank,52853,217.9,89.8,54,6
2023-04-28T20:00:42.317380,wheel,19005,196.9,89.0,54,6
2023-04-28T20:00:42.555537,crank,52853,215.2,89.7,54,6
2023-04-28T20:00:43.304618,crank,52853,219.2,89.6,54,6
2023-04-28T20:00:43.316166,wheel,19005,196.0,89.0,54,6
2023-04-28T20:00:43.815516,wheel,19005,203.6,89.0,54,6
2023-04-28T20:00:44.053739,crank,52853,218.8,89.8,54,6
2023-04-28T20:00:44.564657,wheel,19005,214.4,89.0,54,6
2023-04-28T20:00:44.814268,wheel,19005,216.3,89.0,54,6
2023-04-28T20:00:45.302695,crank,52853,228.4,90.5,54,6
2023-04-28T20:00:45.813051,wheel,19005,198.0,90.0,54,6
2023-04-28T20:00:46.301008,crank,52853,220.2,90.7,54,6
2023-04-28T20:00:46.312432,wheel,19005,192.8,90.0,54,6
2023-04-28T20:00:47.061519,wheel,19005,191.5,90.0,54,6
2023-04-28T20:00:47.299802,crank,52853,207.2,90.2,54,6
2023-04-28T20:00:47.560955,wheel,19005,190.7,90.0,54,6
2023-04-28T20:06:30.681386,wheel,19005,172.0,86.0,40,4
2023-04-28T20:06:31.180846,wheel,19005,188.0,86.0,40,4
2023-04-28T20:06:31.210261,crank,52853,209.9,92.0,40,4
2023-04-28T20:06:31.459995,crank,52853,214.9,93.0,40,4
2023-04-28T20:06:32.179536,wheel,19005,203.6,88.0,40,4
2023-04-28T20:06:32.209087,crank,52853,220.4,93.0,40,4
2023-04-28T20:06:32.678881,wheel,19005,199.0,90.0,40,4
2023-04-28T20:06:32.708550,crank,52853,224.9,94.2,40,4
2023-04-28T20:06:33.427983,wheel,19005,194.0,90.0,40,4
2023-04-28T20:06:33.457556,crank,52853,213.5,94.8,40,4
2023-04-28T20:06:33.677770,wheel,19005,186.4,91.0,40,4
2023-04-28T20:06:34.206739,crank,52853,189.2,93.9,40,4
2023-04-28T20:06:34.676516,wheel,19005,164.8,90.0,40,4
2023-04-28T20:06:34.955777,crank,52853,180.1,91.4,40,4
2023-04-28T20:06:35.175935,wheel,19005,157.9,90.0,40,4
2023-04-28T20:06:35.675218,wheel,19005,168.9,92.0,40,4
2023-04-28T20:06:35.954589,crank,52853,186.2,92.3,40,4
2023-04-28T20:06:36.424445,wheel,19005,173.8,92.0,40,4
2023-04-28T20:06:36.703716,crank,52853,200.0,91.6,40,4
2023-04-28T20:06:37.452798,crank,52853,197.7,92.2,40,4
2023-04-28T20:06:37.672843,wheel,19005,178.3,92.0,40,4
2023-04-28T20:06:38.201872,crank,52853,193.3,92.3,40,4
2023-04-28T20:06:38.421890,wheel,19005,179.9,92.0,40,4
2023-04-28T20:06:38.671590,wheel,19005,180.0,92.0,40,4
2023-04-28T20:06:38.950966,crank,52853,196.6,91.3,40,4
2023-04-28T20:06:39.171046,wheel,19005,180.1,92.0,40,4
2023-04-28T20:06:39.700084,crank,52853,201.7,91.6,40,4
2023-04-28T20:06:40.169773,wheel,19005,180.0,92.0,40,4
2023-04-28T20:06:40.449140,crank,52853,203.8,91.7,40,4
2023-04-28T20:06:40.918854,wheel,19005,180.1,92.0,40,4
2023-04-28T20:06:41.168604,wheel,19005,180.1,92.0,40,4
2023-04-28T20:06:41.198273,crank,52853,192.6,91.9,40,4
2023-04-28T20:06:41.917642,wheel,19005,180.2,91.0,40,4
2023-04-28T20:06:41.947364,crank,52853,197.3,90.8,40,4
2023-04-28T20:06:42.666662,wheel,19005,178.6,91.0,40,4
2023-04-28T20:06:42.696438,crank,52853,191.2,91.3,40,4
2023-04-28T20:06:43.166140,wheel,19005,176.8,91.0,40,4
2023-04-28T20:06:43.445564,crank,52853,184.0,90.4,40,4
2023-04-28T20:06:43.665544,wheel,19005,176.9,91.0,40,4
2023-04-28T20:06:44.444389,crank,52853,196.7,91.1,40,4
2023-04-28T20:06:44.664290,wheel,19005,179.7,91.0,40,4
2023-04-28T20:06:45.193425,crank,52853,215.3,92.4,40,4
2023-04-28T20:06:45.662959,wheel,19005,195.9,92.0,40,4
2023-04-28T20:06:45.942623,crank,52853,206.8,92.7,40,4
2023-04-28T20:06:46.441994,crank,52853,199.6,92.2,40,4
2023-04-28T20:06:46.661858,wheel,19005,191.1,91.0,40,4
2023-04-28T20:06:47.161217,wheel,19005,185.8,91.0,40,4
2023-04-28T20:06:47.191028,crank,52853,205.0,92.2,40,4
2023-04-28T20:06:48.159990,wheel,19005,182.8,92.0,40,4
2023-04-28T20:06:48.189854,crank,52853,194.9,92.2,40,4
2023-04-28T20:06:48.659409,wheel,19005,181.9,92.0,40,4
2023-04-28T20:06:48.689269,crank,52853,197.3,92.5,40,4
2023-04-28T20:06:49.158762,wheel,19005,186.0,92.0,40,4
2023-04-28T20:06:49.438406,crank,52853,202.1,92.2,40,4
2023-04-28T20:06:49.658174,wheel,19005,188.9,92.0,40,4
2023-04-28T20:06:49.688051,crank,52853,195.9,92.2,40,4
2023-04-28T20:06:50.437141,crank,52853,196.9,91.4,40,4
2023-04-28T20:06:50.656980,wheel,19005,186.8,92.0,40,4
2023-04-28T20:06:51.156349,wheel,19005,182.4,92.0,40,4
2023-04-28T20:06:51.186246,crank,52853,204.2,91.9,40,4
2023-04-28T20:06:51.655715,wheel,19005,181.8,91.0,40,4
2023-04-28T20:06:51.935343,crank,52853,209.2,92.1,40,4
2023-04-28T20:06:52.155114,wheel,19005,181.8,91.0,40,4
2023-04-28T20:06:53.403505,wheel,19005,185.3,92.0,40,4
2023-04-28T20:06:53.433511,crank,52853,201.1,93.0,40,4
2023-04-28T20:06:53.653242,wheel,19005,186.8,93.0,40,4
2023-04-28T20:06:53.683228,crank,52853,192.1,93.0,40,4
2023-04-28T20:06:54.152635,wheel,19005,184.8,93.0,40,4
2023-04-28T20:06:54.182669,crank,52853,193.6,92.5,40,4
2023-04-28T20:06:54.652070,wheel,19005,177.1,92.0,40,4
2023-04-28T20:06:54.931742,crank,52853,188.1,91.1,40,4
2023-04-28T20:06:55.650779,wheel,19005,174.7,92.0,40,4
2023-04-28T20:06:55.680823,crank,52853,199.0,91.2,40,4
2023-04-28T20:06:56.150215,wheel,19005,185.0,92.0,40,4
2023-04-28T20:06:56.429879,crank,52853,212.1,92.2,40,4
2023-04-28T20:06:56.899142,wheel,19005,189.9,91.0,40,4
2023-04-28T20:06:57.148854,wheel,19005,186.8,91.0,40,4
2023-04-28T20:06:57.178999,crank,52853,207.3,92.9,40,4
2023-04-28T20:06:57.928135,crank,52853,205.3,92.8,40,4
2023-04-28T20:06:58.177806,crank,52853,201.1,93.0,40,4
2023-04-28T20:06:58.397345,wheel,19005,184.9,93.0,40,4
2023-04-28T20:06:58.647004,wheel,19005,184.2,93.0,40,4
2023-04-28T20:06:58.926908,crank,52853,200.2,92.5,40,4
2023-04-28T20:06:59.396055,wheel,19005,182.9,93.0,40,4
2023-04-28T20:06:59.645739,wheel,19005,183.0,93.0,40,4
2023-04-28T20:06:59.676016,crank,52853,205.3,93.2,40,4
2023-04-28T20:07:00.175447,crank,52853,191.9,92.0,40,4
2023-04-28T20:07:00.644448,wheel,19005,181.9,92.0,40,4
2023-04-28T20:07:01.143994,wheel,19005,182.1,92.0,40,4
2023-04-28T20:07:01.174178,crank,52853,196.5,92.5,40,4
2023-04-28T20:07:01.643407,wheel,19005,183.2,92.0,40,4
2023-04-28T20:07:01.673572,crank,52853,200.0,92.9,40,4
2023-04-28T20:07:02.142727,wheel,19005,182.9,92.0,40,4
2023-04-28T20:07:02.422669,crank,52853,193.1,93.1,40,4
2023-04-28T20:07:02.672496,crank,52853,203.7,93.3,40,4
2023-04-28T20:07:03.141584,wheel,19005,183.1,93.0,40,4
2023-04-28T20:07:03.890759,wheel,19005,182.8,93.0,40,4
2023-04-28T20:07:03.920916,crank,52853,204.0,93.4,40,4
2023-04-28T20:07:04.140343,wheel,19005,184.0,93.0,40,4
2023-04-28T20:07:04.639659,wheel,19005,185.3,93.0,40,4
2023-04-28T20:07:04.669926,crank,52853,211.2,94.2,40,4
2023-04-28T20:07:05.419141,crank,52853,198.0,94.5,40,4
2023-04-28T20:07:06.137866,wheel,19005,185.0,94.0,40,4
2023-04-28T20:07:06.417855,crank,52853,189.6,94.4,40,4
2023-04-28T20:07:06.637137,wheel,19005,178.6,94.0,40,4
2023-04-28T20:07:06.667552,crank,52853,180.5,93.0,40,4
2023-04-28T20:07:07.136545,wheel,19005,176.9,92.0,40,4
2023-04-28T20:07:07.166965,crank,52853,175.5,91.8,40,4
2023-04-28T20:07:07.916148,crank,52853,184.7,91.6,40,4
2023-04-28T20:07:08.634719,wheel,19005,174.4,92.0,40,4
2023-04-28T20:07:08.665194,crank,52853,190.3,91.3,40,4
2023-04-28T20:07:09.134154,wheel,19005,177.0,92.0,40,4
2023-04-28T20:07:09.414305,crank,52853,196.4,92.5,40,4
2023-04-28T20:07:09.633548,wheel,19005,181.1,92.0,40,4
2023-04-28T20:07:10.132951,wheel,19005,183.2,92.0,40,4
2023-04-28T20:07:10.163353,crank,52853,199.8,92.4,40,4
2023-04-28T20:07:10.413109,crank,52853,199.7,93.6,40,4
2023-04-28T20:07:11.131745,wheel,19005,182.7,93.0,40,4
2023-04-28T20:07:11.162147,crank,52853,193.8,92.1,40,4
2023-04-28T20:07:11.631099,wheel,19005,182.2,93.0,40,4
2023-04-28T20:07:11.661552,crank,52853,191.0,92.0,40,4
2023-04-28T20:07:12.130335,wheel,19005,179.8,91.0,40,4
2023-04-28T20:07:12.410661,crank,52853,188.5,92.6,40,4
2023-04-28T20:07:12.879538,wheel,19005,179.1,91.0,40,4
2023-04-28T20:07:13.159817,crank,52853,196.1,91.9,40,4
2023-04-28T20:07:13.628497,wheel,19005,179.9,92.0,40,4
2023-04-28T20:07:13.908777,crank,52853,199.8,92.4,40,4
2023-04-28T20:07:14.128056,wheel,19005,188.0,93.0,40,4
2023-04-28T20:07:14.658028,crank,52853,204.4,93.7,40,4
2023-04-28T20:07:14.877144,wheel,19005,191.9,93.0,40,4
2023-04-28T20:07:15.376570,wheel,19005,192.8,93.0,40,4
2023-04-28T20:07:15.407065,crank,52853,218.6,93.0,40,4
2023-04-28T20:07:15.656773,crank,52853,213.2,94.3,40,4
2023-04-28T20:07:16.125593,wheel,19005,192.7,94.0,40,4
2023-04-28T20:07:16.156147,crank,52853,200.1,94.7,40,4
2023-04-28T20:07:16.624886,wheel,19005,190.2,94.0,40,4
2023-04-28T20:07:17.124354,wheel,19005,187.0,93.0,40,4
2023-04-28T20:07:17.154975,crank,52853,191.5,94.5,40,4
2023-04-28T20:07:17.623782,wheel,19005,185.9,93.0,40,4
2023-04-28T20:07:17.654352,crank,52853,197.2,93.3,40,4
2023-04-28T20:07:18.403454,crank,52853,210.3,93.8,40,4
2023-04-28T20:07:18.622531,wheel,19005,185.0,94.0,40,4
2023-04-28T20:07:19.121932,wheel,19005,185.1,94.0,40,4
2023-04-28T20:07:19.152641,crank,52853,200.8,93.7,40,4
2023-04-28T20:07:19.402235,crank,52853,197.4,94.2,40,4
2023-04-28T20:07:19.621314,wheel,19005,185.3,94.0,40,4
2023-04-28T20:07:20.370359,wheel,19005,185.8,94.0,40,4
2023-04-28T20:07:20.650824,crank,52853,199.7,94.0,40,4
2023-04-28T20:07:21.119394,wheel,19005,186.0,94.0,40,4
2023-04-28T20:07:21.399840,crank,52853,204.4,94.1,40,4
2023-04-28T20:07:21.618934,wheel,19005,185.8,94.0,40,4
2023-04-28T20:07:21.899353,crank,52853,201.4,94.8,40,4
2023-04-28T20:07:22.118292,wheel,19005,186.8,94.0,40,4
2023-04-28T20:07:22.617698,wheel,19005,186.4,93.0,40,4
2023-04-28T20:07:22.648328,crank,52853,193.8,93.9,40,4
2023-04-28T20:07:23.397536,crank,52853,206.0,93.9,40,4
2023-04-28T20:07:23.616483,wheel,19005,186.3,94.0,40,4
2023-04-28T20:07:23.896986,crank,52853,221.6,94.3,40,4
2023-04-28T20:07:24.115880,wheel,19005,192.0,94.0,40,4
2023-04-28T20:07:24.615164,wheel,19005,194.0,95.0,40,4
2023-04-28T20:07:24.645958,crank,52853,215.3,95.6,40,4
2023-04-28T20:07:25.114653,wheel,19005,195.0,95.0,40,4
2023-04-28T20:07:25.395007,crank,52853,198.1,95.5,40,4
2023-04-28T20:07:26.113363,wheel,19005,191.4,95.0,40,4
2023-04-28T20:07:26.144085,crank,52853,202.6,95.0,40,4
2023-04-28T20:07:26.394107,crank,52853,204.5,95.0,40,4
2023-04-28T20:07:26.612647,wheel,19005,189.8,95.0,40,4
2023-04-28T20:07:27.112133,wheel,19005,188.8,95.0,40,4
2023-04-28T20:07:27.611521,wheel,19005,189.1,94.0,40,4
2023-04-28T20:07:27.642330,crank,52853,197.3,95.1,40,4
2023-04-28T20:07:28.610260,wheel,19005,187.9,95.0,40,4
2023-04-28T20:07:28.641119,crank,52853,208.6,94.3,40,4
2023-04-28T20:07:29.109674,wheel,19005,188.2,95.0,40,4
2023-04-28T20:07:29.140538,crank,52853,210.2,94.6,40,4
2023-04-28T20:07:29.608997,wheel,19005,188.2,95.0,40,4
2023-04-28T20:07:29.889675,crank,52853,205.4,95.8,40,4
2023-04-28T20:07:30.108464,wheel,19005,189.4,95.0,40,4
2023-04-28T20:07:30.139315,crank,52853,209.0,95.3,40,4
2023-04-28T20:07:30.888548,crank,52853,212.4,96.5,40,4
2023-04-28T20:07:31.357042,wheel,19005,191.4,96.0,40,4
2023-04-28T20:07:31.387852,crank,52853,208.8,96.5,40,4
2023-04-28T20:07:31.606654,wheel,19005,192.1,96.0,40,4
2023-04-28T20:07:32.106047,wheel,19005,192.1,96.0,40,4
2023-04-28T20:07:32.136876,crank,52853,203.9,96.0,40,4
2023-04-28T20:07:32.605374,wheel,19005,192.1,95.0,40,4
2023-04-28T20:07:32.886022,crank,52853,200.0,95.5,40,4
2023-04-28T20:07:33.635135,crank,52853,198.7,96.2,40,4
2023-04-28T20:07:33.853917,wheel,19005,191.2,96.0,40,4
2023-04-28T20:07:33.884847,crank,52853,202.9,95.1,40,4
2023-04-28T20:07:34.103515,wheel,19005,191.1,96.0,40,4
2023-04-28T20:07:34.602968,wheel,19005,189.9,95.0,40,4
2023-04-28T20:07:34.633868,crank,52853,210.2,95.8,40,4
2023-04-28T20:07:35.102384,wheel,19005,189.8,95.0,40,4
2023-04-28T20:07:35.133282,crank,52853,200.3,95.2,40,4
2023-04-28T20:07:36.101098,wheel,19005,190.1,95.0,40,4
2023-04-28T20:07:36.132098,crank,52853,194.8,95.7,40,4
2023-04-28T20:07:36.631546,crank,52853,198.7,95.3,40,4
2023-04-28T20:07:36.850152,wheel,19005,189.8,95.0,40,4
2023-04-28T20:07:37.099839,wheel,19005,190.0,95.0,40,4
2023-04-28T20:07:37.599249,wheel,19005,190.5,95.0,40,4
2023-04-28T20:07:37.630291,crank,52853,215.9,95.7,40,4
2023-04-28T20:07:38.379457,crank,52853,203.9,96.0,40,4
2023-04-28T20:07:39.097467,wheel,19005,190.9,96.0,40,4
2023-04-28T20:07:39.378223,crank,52853,200.0,95.5,40,4
2023-04-28T20:07:39.596773,wheel,19005,190.8,96.0,40,4
2023-04-28T20:07:39.877556,crank,52853,193.0,96.1,40,4
2023-04-28T20:07:40.096223,wheel,19005,189.8,96.0,40,4
2023-04-28T20:07:40.595569,wheel,19005,189.8,96.0,40,4
2023-04-28T20:07:40.626757,crank,52853,190.9,95.0,40,4
2023-04-28T20:07:40.876441,crank,52853,206.8,95.2,40,4
2023-04-28T20:07:41.594236,wheel,19005,189.4,95.0,40,4
2023-04-28T20:07:41.625461,crank,52853,207.3,95.0,40,4
2023-04-28T20:07:42.124961,crank,52853,197.2,95.5,40,4
2023-04-28T20:07:42.343465,wheel,19005,188.8,95.0,40,4
2023-04-28T20:07:42.593139,wheel,19005,189.0,94.0,40,4
2023-04-28T20:07:42.874093,crank,52853,209.1,94.5,40,4
2023-04-28T20:07:43.092519,wheel,19005,189.2,94.0,40,4
2023-04-28T20:07:43.623083,crank,52853,218.3,95.7,40,4
2023-04-28T20:07:44.091294,wheel,19005,190.8,96.0,40,4
2023-04-28T20:07:44.372164,crank,52853,204.7,95.9,40,4
2023-04-28T20:07:44.590639,wheel,19005,188.0,96.0,40,4
2023-04-28T20:07:44.621900,crank,52853,184.4,96.0,40,4
2023-04-28T20:07:45.089659,wheel,19005,174.0,96.0,40,4
2023-04-28T20:07:45.589393,wheel,19005,161.1,96.0,40,4
2023-04-28T20:07:45.870325,crank,52853,164.4,93.2,40,4
2023-04-28T20:07:46.588202,wheel,19005,161.0,94.0,40,4
2023-04-28T20:07:46.619458,crank,52853,173.7,92.8,40,4
2023-04-28T20:07:47.368599,crank,52853,189.6,91.8,40,4
2023-04-28T20:07:47.836607,wheel,19005,173.3,93.0,40,4
2023-04-28T20:07:48.086364,wheel,19005,182.1,91.0,40,4
2023-04-28T20:07:48.117621,crank,52853,199.2,92.5,40,4
2023-04-28T20:07:48.585796,wheel,19005,185.9,91.0,40,4
2023-04-28T20:07:48.866840,crank,52853,204.7,93.4,40,4
2023-04-28T20:07:49.116544,crank,52853,198.0,93.7,40,4
2023-04-28T20:07:49.834187,wheel,19005,185.7,93.0,40,4
2023-04-28T20:07:49.865706,crank,52853,186.5,92.8,40,4
2023-04-28T20:07:50.333536,wheel,19005,176.1,93.0,40,4
2023-04-28T20:07:50.365094,crank,52853,184.5,92.7,40,4
2023-04-28T20:07:50.583252,wheel,19005,171.9,93.0,40,4
2023-04-28T20:07:51.082597,wheel,19005,175.8,92.0,40,4
2023-04-28T20:07:51.114009,crank,52853,190.4,91.8,40,4
2023-04-28T20:07:52.081467,wheel,19005,178.7,92.0,40,4
2023-04-28T20:07:52.112934,crank,52853,187.6,92.2,40,4
2023-04-28T20:07:52.580823,wheel,19005,177.9,92.0,40,4
2023-04-28T20:07:52.862200,crank,52853,187.3,91.2,40,4
2023-04-28T20:07:53.080192,wheel,19005,178.8,91.0,40,4
2023-04-28T20:07:53.111608,crank,52853,198.4,91.7,40,4
2023-04-28T20:07:53.579563,wheel,19005,181.0,91.0,40,4
2023-04-28T20:07:53.860755,crank,52853,192.6,92.0,40,4
2023-04-28T20:07:54.360296,crank,52853,190.4,93.1,40,4
2023-04-28T20:07:54.578347,wheel,19005,181.1,92.0,40,4
2023-04-28T20:07:55.077771,wheel,19005,184.2,92.0,40,4
2023-04-28T20:07:55.359165,crank,52853,196.4,92.0,40,4
2023-04-28T20:07:55.577212,wheel,19005,189.5,92.0,40,4
2023-04-28T20:07:55.858382,crank,52853,207.6,93.0,40,4
2023-04-28T20:07:56.076514,wheel,19005,193.9,93.0,40,4
2023-04-28T20:07:56.607498,crank,52853,205.8,93.4,40,4
2023-04-28T20:07:56.857176,crank,52853,193.5,92.8,40,4
2023-04-28T20:07:57.075354,wheel,19005,187.4,93.0,40,4
2023-04-28T20:07:57.574565,wheel,19005,184.2,93.0,40,4
2023-04-28T20:07:57.606213,crank,52853,189.6,92.2,40,4
2023-04-28T20:07:58.074125,wheel,19005,182.8,92.0,40,4
2023-04-28T20:07:58.573501,wheel,19005,182.0,92.0,40,4
2023-04-28T20:07:58.854990,crank,52853,190.1,92.7,40,4
2023-04-28T20:07:59.572248,wheel,19005,187.1,93.0,40,4
2023-04-28T20:07:59.853589,crank,52853,214.0,93.0,40,4
2023-04-28T20:08:00.071520,wheel,19005,196.1,94.0,40,4
2023-04-28T20:08:00.353064,crank,52853,217.4,95.3,40,4
2023-04-28T20:08:00.570889,wheel,19005,200.9,94.0,40,4
2023-04-28T20:08:01.070399,wheel,19005,195.8,95.0,40,4
2023-04-28T20:08:01.102051,crank,52853,200.3,94.7,40,4
2023-04-28T20:08:02.069321,wheel,19005,201.1,95.0,40,4
2023-04-28T20:08:02.568619,wheel,19005,203.9,95.0,40,4
2023-04-28T20:08:02.600196,crank,52853,212.1,95.5,40,4
2023-04-28T20:08:03.068012,wheel,19005,196.7,95.0,40,4
2023-04-28T20:08:03.567398,wheel,19005,188.0,95.0,40,4
2023-04-28T20:08:04.098452,crank,52853,200.3,95.4,40,4
2023-04-28T20:08:04.566104,wheel,19005,182.0,95.0,40,4
2023-04-28T20:08:04.847797,crank,52853,199.2,95.1,40,4
2023-04-28T20:08:05.065533,wheel,19005,181.2,95.0,40,4
2023-04-28T20:08:05.596686,crank,52853,193.9,95.2,40,4
2023-04-28T20:08:05.814611,wheel,19005,186.2,95.0,40,4
2023-04-28T20:08:05.846342,crank,52853,207.0,95.2,40,4
2023-04-28T20:08:06.064356,wheel,19005,186.9,95.0,40,4
2023-04-28T20:08:07.063086,wheel,19005,190.2,96.0,40,4
2023-04-28T20:08:07.344787,crank,52853,203.1,95.6,40,4
2023-04-28T20:08:07.562437,wheel,19005,198.2,96.0,40,4
2023-04-28T20:08:07.844017,crank,52853,202.9,96.0,40,4
2023-04-28T20:08:08.311497,wheel,19005,199.2,94.0,40,4
2023-04-28T20:08:08.343586,crank,52853,199.2,95.1,40,4
2023-04-28T20:08:08.561233,wheel,19005,195.1,94.0,40,4
2023-04-28T20:08:09.092438,crank,52853,198.9,94.1,40,4
2023-04-28T20:08:09.591847,crank,52853,210.2,95.0,40,4
2023-04-28T20:08:10.059441,wheel,19005,190.0,95.0,40,4
2023-04-28T20:08:10.340983,crank,52853,208.3,94.6,40,4
2023-04-28T20:08:10.558762,wheel,19005,188.7,95.0,40,4
2023-04-28T20:08:11.090047,crank,52853,206.3,96.7,40,4
2023-04-28T20:08:11.307618,wheel,19005,190.0,95.0,40,4
2023-04-28T20:08:11.557541,wheel,19005,191.3,95.0,40,4
2023-04-28T20:08:11.839205,crank,52853,204.8,95.5,40,4
2023-04-28T20:08:12.088808,crank,52853,204.1,96.5,40,4
2023-04-28T20:08:12.556196,wheel,19005,191.6,96.0,40,4
2023-04-28T20:08:13.055695,wheel,19005,191.8,96.0,40,4
2023-04-28T20:08:13.337374,crank,52853,196.2,96.6,40,4
2023-04-28T20:08:13.555097,wheel,19005,192.6,95.0,40,4
2023-04-28T20:08:14.054467,wheel,19005,192.1,95.0,40,4
2023-04-28T20:08:14.086418,crank,52853,198.7,95.3,40,4
2023-04-28T20:08:14.835604,crank,52853,203.9,96.5,40,4
2023-04-28T20:08:15.053195,wheel,19005,191.4,96.0,40,4
2023-04-28T20:08:15.552553,wheel,19005,191.8,96.0,40,4
2023-04-28T20:08:15.584540,crank,52853,191.0,96.0,40,4
2023-04-28T20:08:16.051899,wheel,19005,191.8,96.0,40,4
2023-04-28T20:08:16.583424,crank,52853,210.7,96.3,40,4
2023-04-28T20:08:16.801095,wheel,19005,198.4,96.0,40,4
2023-04-28T20:08:17.082818,crank,52853,216.4,97.8,40,4
2023-04-28T20:08:17.799815,wheel,19005,207.9,97.0,40,4
2023-04-28T20:08:18.049558,wheel,19005,205.2,97.0,40,4
2023-04-28T20:08:18.081589,crank,52853,201.4,97.5,40,4
2023-04-28T20:08:18.581038,crank,52853,204.4,96.7,40,4
2023-04-28T20:08:18.798641,wheel,19005,197.9,96.0,40,4
2023-04-28T20:08:19.048252,wheel,19005,196.0,96.0,40,4
2023-04-28T20:08:19.330305,crank,52853,202.9,96.0,40,4
2023-04-28T20:08:20.047116,wheel,19005,194.1,96.0,40,4
2023-04-28T20:08:20.079158,crank,52853,192.8,96.5,40,4
2023-04-28T20:08:20.329068,crank,52853,195.9,95.8,40,4
2023-04-28T20:08:20.796178,wheel,19005,191.8,96.0,40,4
2023-04-28T20:08:20.828439,crank,52853,211.9,96.2,40,4
2023-04-28T20:08:21.045881,wheel,19005,191.8,96.0,40,4
2023-04-28T20:08:21.577412,crank,52853,226.0,96.6,40,4
2023-04-28T20:08:21.794954,wheel,19005,198.9,96.0,40,4
2023-04-28T20:08:22.326602,crank,52853,229.3,98.0,40,4
2023-04-28T20:08:22.793710,wheel,19005,206.7,97.0,40,4
2023-04-28T20:08:23.043480,wheel,19005,203.7,97.0,40,4
2023-04-28T20:08:23.075543,crank,52853,219.3,97.8,40,4
2023-04-28T20:08:23.325452,crank,52853,209.0,97.5,40,4
2023-04-28T20:08:23.542838,wheel,19005,199.5,97.0,40,4
2023-04-28T20:08:24.074432,crank,52853,207.7,96.9,40,4
2023-04-28T20:08:24.291898,wheel,19005,196.8,97.0,40,4
2023-04-28T20:08:24.823602,crank,52853,206.5,97.7,40,4
2023-04-28T20:08:25.040875,wheel,19005,196.1,97.0,40,4
2023-04-28T20:08:25.073213,crank,52853,196.0,97.2,40,4
2023-04-28T20:08:25.540333,wheel,19005,196.0,97.0,40,4
2023-04-28T20:08:25.822333,crank,52853,210.1,96.7,40,4
2023-04-28T20:08:26.040247,wheel,19005,196.0,97.0,40,4
2023-04-28T20:08:26.539087,wheel,19005,196.2,97.0,40,4
2023-04-28T20:08:26.571293,crank,52853,215.4,98.2,40,4
2023-04-28T20:08:27.070804,crank,52853,210.0,97.5,40,4
2023-04-28T20:08:27.537785,wheel,19005,196.1,98.0,40,4
2023-04-28T20:08:28.037215,wheel,19005,196.7,98.0,40,4
2023-04-28T20:08:28.069552,crank,52853,216.8,98.0,40,4
2023-04-28T20:08:28.536638,wheel,19005,197.3,97.0,40,4
2023-04-28T20:08:28.568932,crank,52853,214.4,98.2,40,4
2023-04-28T20:08:28.818765,crank,52853,210.1,98.5,40,4
2023-04-28T20:08:29.036062,wheel,19005,197.9,97.0,40,4
2023-04-28T20:08:29.567798,crank,52853,211.3,99.0,40,4
2023-04-28T20:08:30.034894,wheel,19005,198.6,98.0,40,4
2023-04-28T20:08:30.067210,crank,52853,213.0,98.5,40,4
2023-04-28T20:08:30.534206,wheel,19005,199.6,99.0,40,4
2023-04-28T20:08:30.816320,crank,52853,209.0,99.3,40,4
2023-04-28T20:08:31.033604,wheel,19005,200.0,99.0,40,4
2023-04-28T20:08:31.532992,wheel,19005,200.8,99.0,40,4
2023-04-28T20:08:31.565363,crank,52853,211.8,99.2,40,4
2023-04-28T20:08:31.815079,crank,52853,221.7,99.3,40,4
2023-04-28T20:08:32.564153,crank,52853,188.3,99.6,40,4
2023-04-28T20:08:32.781404,wheel,19005,197.4,99.0,40,4
2023-04-28T20:08:33.031031,wheel,19005,173.9,99.0,40,4
2023-04-28T20:08:33.313350,crank,52853,162.9,96.7,40,4
2023-04-28T20:08:33.530542,wheel,19005,162.1,96.0,40,4
2023-04-28T20:08:33.812639,crank,52853,169.6,96.2,40,4
2023-04-28T20:08:34.029921,wheel,19005,158.9,96.0,40,4
2023-04-28T20:08:35.028616,wheel,19005,167.3,95.0,40,4
2023-04-28T20:08:35.310883,crank,52853,172.7,93.7,40,4
2023-04-28T20:08:35.528059,wheel,19005,179.9,94.0,40,4
2023-04-28T20:08:35.560542,crank,52853,202.6,95.0,40,4
2023-04-28T20:08:36.027471,wheel,19005,190.0,94.0,40,4
2023-04-28T20:08:36.309646,crank,52853,215.2,95.2,40,4
2023-04-28T20:08:36.526886,wheel,19005,191.9,95.0,40,4
2023-04-28T20:08:36.809034,crank,52853,210.3,95.5,40,4
2023-04-28T20:08:37.558191,crank,52853,199.5,96.2,40,4
2023-04-28T20:08:37.775312,wheel,19005,190.7,95.0,40,4
2023-04-28T20:08:38.025027,wheel,19005,195.0,96.0,40,4
2023-04-28T20:08:38.307248,crank,52853,196.0,94.5,40,4
2023-04-28T20:08:38.524399,wheel,19005,197.9,96.0,40,4
2023-04-28T20:08:39.023714,wheel,19005,188.0,95.0,40,4
2023-04-28T20:14:14.271728,wheel,19005,204.9,94.0,54,10
2023-04-28T20:14:14.536454,crank,52853,219.8,93.2,54,10
2023-04-28T20:14:14.771126,wheel,19005,192.9,94.0,54,10
2023-04-28T20:14:15.285524,crank,52853,212.3,93.9,54,10
2023-04-28T20:14:15.769907,wheel,19005,175.9,93.0,54,10
2023-04-28T20:14:16.269223,wheel,19005,170.4,94.0,54,10
2023-04-28T20:14:16.284271,crank,52853,196.7,93.9,54,10
2023-04-28T20:14:16.768655,wheel,19005,166.2,94.0,54,10
2023-04-28T20:14:17.033464,crank,52853,188.0,93.6,54,10
2023-04-28T20:14:17.268050,wheel,19005,171.1,94.0,54,10
2023-04-28T20:14:17.532819,crank,52853,188.3,93.7,54,10
2023-04-28T20:14:18.266832,wheel,19005,178.6,94.0,54,10
2023-04-28T20:14:18.281875,crank,52853,189.3,93.4,54,10
2023-04-28T20:14:18.766187,wheel,19005,166.8,94.0,54,10
2023-04-28T20:14:19.030966,crank,52853,187.8,93.4,54,10
2023-04-28T20:14:19.265565,wheel,19005,163.7,94.0,54,10
2023-04-28T20:14:19.764957,wheel,19005,156.0,94.0,54,10
2023-04-28T20:14:19.780045,crank,52853,181.5,94.0,54,10
2023-04-28T20:14:20.029787,crank,52853,184.1,93.4,54,10
2023-04-28T20:14:20.763706,wheel,19005,166.7,93.0,54,10
2023-04-28T20:14:20.778837,crank,52853,188.5,93.8,54,10
2023-04-28T20:14:21.512679,wheel,19005,180.5,93.0,54,10
2023-04-28T20:14:21.527841,crank,52853,185.5,93.2,54,10
2023-04-28T20:14:21.762415,wheel,19005,173.7,94.0,54,10
2023-04-28T20:14:22.261890,wheel,19005,182.4,94.0,54,10
2023-04-28T20:14:22.776439,crank,52853,188.9,93.4,54,10
2023-04-28T20:14:23.260564,wheel,19005,178.3,94.0,54,10
2023-04-28T20:14:23.525508,crank,52853,193.1,93.9,54,10
2023-04-28T20:14:24.009598,wheel,19005,162.1,94.0,54,10
2023-04-28T20:14:24.259457,wheel,19005,167.3,94.0,54,10
2023-04-28T20:14:24.274569,crank,52853,185.8,93.9,54,10
2023-04-28T20:14:24.524312,crank,52853,181.3,93.4,54,10
2023-04-28T20:14:24.758765,wheel,19005,180.3,94.0,54,10
2023-04-28T20:14:25.273465,crank,52853,180.3,93.4,54,10
2023-04-28T20:14:25.757497,wheel,19005,161.2,93.0,54,10
2023-04-28T20:14:26.022424,crank,52853,179.8,93.6,54,10
2023-04-28T20:14:26.506469,wheel,19005,164.2,93.0,54,10
2023-04-28T20:14:26.756232,wheel,19005,182.6,94.0,54,10
2023-04-28T20:14:26.771565,crank,52853,183.6,93.7,54,10
2023-04-28T20:14:27.255623,wheel,19005,213.1,94.0,54,10
2023-04-28T20:14:27.270895,crank,52853,218.6,93.0,54,10
2023-04-28T20:14:28.020126,crank,52853,243.4,92.5,54,10
2023-04-28T20:14:28.254484,wheel,19005,211.9,94.0,54,10
2023-04-28T20:14:28.753788,wheel,19005,194.3,94.0,54,10
2023-04-28T20:14:29.018919,crank,52853,217.3,94.5,54,10
2023-04-28T20:14:29.502850,wheel,19005,174.4,94.0,54,10
2023-04-28T20:14:29.752564,wheel,19005,187.7,95.0,54,10
2023-04-28T20:14:29.767900,crank,52853,195.4,94.2,54,10
2023-04-28T20:14:30.517039,crank,52853,200.1,93.8,54,10
2023-04-28T20:14:31.001036,wheel,19005,183.2,94.0,54,10
2023-04-28T20:14:31.266189,crank,52853,200.0,94.2,54,10
2023-04-28T20:14:31.500473,wheel,19005,179.2,94.0,54,10
2023-04-28T20:14:31.750079,wheel,19005,184.5,95.0,54,10
2023-04-28T20:14:32.015312,crank,52853,199.1,93.3,54,10
2023-04-28T20:14:32.249715,wheel,19005,174.6,95.0,54,10
2023-04-28T20:14:32.764275,crank,52853,196.5,95.2,54,10
2023-04-28T20:14:33.014099,crank,52853,206.2,92.4,54,10
2023-04-28T20:14:33.248246,wheel,19005,197.9,95.0,54,10
2023-04-28T20:14:33.513409,crank,52853,232.7,94.3,54,10
2023-04-28T20:14:33.747674,wheel,19005,203.9,95.0,54,10
2023-04-28T20:14:34.247079,wheel,19005,203.3,95.0,54,10
2023-04-28T20:14:34.262434,crank,52853,225.8,94.5,54,10
2023-04-28T20:14:34.746425,wheel,19005,209.9,95.0,54,10
2023-04-28T20:14:35.011695,crank,52853,229.4,94.1,54,10
2023-04-28T20:14:35.745205,wheel,19005,196.3,94.0,54,10
2023-04-28T20:14:35.760621,crank,52853,229.9,94.7,54,10
2023-04-28T20:14:36.244558,wheel,19005,176.3,94.0,54,10
2023-04-28T20:14:36.509794,crank,52853,203.5,94.1,54,10
2023-04-28T20:14:36.743924,wheel,19005,174.5,95.0,54,10
2023-04-28T20:14:36.759486,crank,52853,195.5,94.7,54,10
2023-04-28T20:14:37.243336,wheel,19005,184.0,95.0,54,10
2023-04-28T20:14:37.508523,crank,52853,193.6,94.7,54,10
2023-04-28T20:14:38.257642,crank,52853,178.3,94.7,54,10
2023-04-28T20:14:38.491787,wheel,19005,162.5,95.0,54,10
2023-04-28T20:14:38.741492,wheel,19005,184.0,95.0,54,10
2023-04-28T20:14:38.756971,crank,52853,185.1,93.9,54,10
2023-04-28T20:14:39.240873,wheel,19005,188.3,95.0,54,10
2023-04-28T20:14:39.755819,crank,52853,206.3,94.1,54,10
2023-04-28T20:14:39.989936,wheel,19005,195.4,95.0,54,10
2023-04-28T20:14:40.255217,crank,52853,210.4,93.9,54,10
2023-04-28T20:14:40.504852,crank,52853,208.7,95.2,54,10
2023-04-28T20:14:40.738927,wheel,19005,174.1,94.0,54,10
2023-04-28T20:14:41.238316,wheel,19005,201.4,94.0,54,10
2023-04-28T20:14:41.253936,crank,52853,211.2,93.8,54,10
2023-04-28T20:14:41.753409,crank,52853,226.2,94.7,54,10
2023-04-28T20:14:42.486683,wheel,19005,197.3,95.0,54,10
2023-04-28T20:14:42.502361,crank,52853,221.0,93.7,54,10
2023-04-28T20:14:42.736487,wheel,19005,190.5,95.0,54,10
2023-04-28T20:14:43.251598,crank,52853,202.3,94.8,54,10
2023-04-28T20:14:43.735252,wheel,19005,157.5,95.0,54,10
2023-04-28T20:14:44.234687,wheel,19005,173.2,95.0,54,10
2023-04-28T20:14:44.250382,crank,52853,187.3,94.6,54,10
2023-04-28T20:14:44.500064,crank,52853,188.7,94.8,54,10
2023-04-28T20:14:44.734059,wheel,19005,175.8,95.0,54,10
2023-04-28T20:14:45.233413,wheel,19005,179.5,95.0,54,10
2023-04-28T20:14:45.249185,crank,52853,192.8,93.4,54,10
2023-04-28T20:14:45.748586,crank,52853,204.3,94.9,54,10
2023-04-28T20:14:46.232210,wheel,19005,167.6,94.0,54,10
2023-04-28T20:14:46.497575,crank,52853,196.8,93.9,54,10
2023-04-28T20:14:46.731508,wheel,19005,147.7,95.0,54,10
2023-04-28T20:14:47.230967,wheel,19005,152.1,95.0,54,10
2023-04-28T20:14:47.496423,crank,52853,178.8,94.3,54,10
2023-04-28T20:14:47.730338,wheel,19005,175.2,95.0,54,10
2023-04-28T20:14:48.245566,crank,52853,194.9,93.9,54,10
2023-04-28T20:14:48.729032,wheel,19005,182.3,95.0,54,10
2023-04-28T20:14:48.994657,crank,52853,202.4,94.0,54,10
2023-04-28T20:14:49.228528,wheel,19005,193.1,95.0,54,10
2023-04-28T20:14:49.493948,crank,52853,212.0,94.2,54,10
2023-04-28T20:14:49.727889,wheel,19005,189.8,95.0,54,10
2023-04-28T20:14:50.227256,wheel,19005,189.9,95.0,54,10
2023-04-28T20:14:50.243087,crank,52853,213.5,93.6,54,10
2023-04-28T20:14:50.992225,crank,52853,207.4,94.6,54,10
2023-04-28T20:14:51.226013,wheel,19005,191.8,94.0,54,10
2023-04-28T20:14:51.725374,wheel,19005,187.3,95.0,54,10
2023-04-28T20:14:51.741280,crank,52853,206.2,94.5,54,10
2023-04-28T20:14:52.224761,wheel,19005,184.5,95.0,54,10
2023-04-28T20:14:52.490310,crank,52853,214.1,93.9,54,10
2023-04-28T20:14:52.724168,wheel,19005,183.6,95.0,54,10
2023-04-28T20:14:52.740038,crank,52853,203.1,94.7,54,10
2023-04-28T20:14:53.239462,crank,52853,189.8,94.2,54,10
2023-04-28T20:14:53.722927,wheel,19005,164.7,95.0,54,10
2023-04-28T20:14:53.988507,crank,52853,190.6,94.1,54,10
2023-04-28T20:14:54.222320,wheel,19005,170.6,95.0,54,10
2023-04-28T20:14:54.721707,wheel,19005,169.2,95.0,54,10
2023-04-28T20:14:54.737557,crank,52853,188.6,93.9,54,10
2023-04-28T20:14:55.221060,wheel,19005,180.4,95.0,54,10
2023-04-28T20:14:56.219853,wheel,19005,182.8,94.0,54,10
2023-04-28T20:14:56.485532,crank,52853,196.1,93.8,54,10
2023-04-28T20:14:56.719223,wheel,19005,178.3,95.0,54,10
2023-04-28T20:14:57.218586,wheel,19005,170.7,95.0,54,10
2023-04-28T20:14:57.234544,crank,52853,193.8,94.3,54,10
2023-04-28T20:14:57.717979,wheel,19005,197.2,95.0,54,10
2023-04-28T20:14:57.733959,crank,52853,203.5,94.1,54,10
2023-04-28T20:14:58.483136,crank,52853,216.7,93.8,54,10
2023-04-28T20:14:58.716713,wheel,19005,190.5,95.0,54,10
2023-04-28T20:14:59.216087,wheel,19005,188.1,95.0,54,10
2023-04-28T20:14:59.481888,crank,52853,215.6,94.5,54,10
2023-04-28T20:14:59.715529,wheel,19005,184.9,95.0,54,10
2023-04-28T20:15:00.214865,wheel,19005,180.1,95.0,54,10
2023-04-28T20:15:00.480651,crank,52853,203.3,94.0,54,10
2023-04-28T20:15:00.980090,crank,52853,205.2,94.5,54,10
2023-04-28T20:15:01.213614,wheel,19005,177.5,94.0,54,10
2023-04-28T20:15:01.713025,wheel,19005,161.4,95.0,54,10
2023-04-28T20:15:01.729146,crank,52853,192.1,94.4,54,10
2023-04-28T20:15:02.212384,wheel,19005,174.6,95.0,54,10
2023-04-28T20:15:02.711704,wheel,19005,173.3,95.0,54,10
2023-04-28T20:15:02.727856,crank,52853,190.6,94.1,54,10
2023-04-28T20:15:03.227314,crank,52853,187.5,94.2,54,10
2023-04-28T20:15:03.710508,wheel,19005,176.7,95.0,54,10
2023-04-28T20:15:03.976428,crank,52853,188.6,93.9,54,10
2023-04-28T20:15:04.226210,crank,52853,209.8,94.0,54,10
2023-04-28T20:15:04.459555,wheel,19005,185.1,95.0,54,10
2023-04-28T20:15:04.709315,wheel,19005,199.6,95.0,54,10
2023-04-28T20:15:04.725465,crank,52853,220.2,94.1,54,10
2023-04-28T20:15:05.208664,wheel,19005,185.6,95.0,54,10
2023-04-28T20:15:05.474634,crank,52853,217.6,93.4,54,10
2023-04-28T20:15:06.207426,wheel,19005,197.0,94.0,54,10
2023-04-28T20:15:06.223629,crank,52853,209.3,95.0,54,10
2023-04-28T20:15:06.706806,wheel,19005,180.2,95.0,54,10
2023-04-28T20:15:06.972875,crank,52853,203.5,94.5,54,10
2023-04-28T20:15:07.955193,wheel,19005,189.9,95.0,54,10
2023-04-28T20:15:07.971532,crank,52853,210.8,94.3,54,10
2023-04-28T20:15:08.204874,wheel,19005,184.7,95.0,54,10
2023-04-28T20:15:08.720705,crank,52853,190.5,94.5,54,10
2023-04-28T20:15:09.203716,wheel,19005,163.9,95.0,54,10
2023-04-28T20:15:09.469803,crank,52853,179.5,93.4,54,10
2023-04-28T20:15:09.703147,wheel,19005,157.7,95.0,54,10
2023-04-28T20:15:09.969204,crank,52853,186.6,94.7,54,10
2023-04-28T20:15:10.202517,wheel,19005,146.8,95.0,54,10
2023-04-28T20:15:10.701846,wheel,19005,159.8,95.0,54,10
2023-04-28T20:15:10.718259,crank,52853,180.3,93.4,54,10
2023-04-28T20:15:11.467350,crank,52853,183.4,94.5,54,10
2023-04-28T20:15:11.717096,crank,52853,198.0,92.4,54,10
2023-04-28T20:15:11.950250,wheel,19005,180.4,95.0,54,10
2023-04-28T20:15:12.199930,wheel,19005,202.8,95.0,54,10
2023-04-28T20:15:12.965530,crank,52853,211.6,94.8,54,10
2023-04-28T20:15:13.198698,wheel,19005,167.8,95.0,54,10
2023-04-28T20:15:13.215209,crank,52853,195.8,93.5,54,10
2023-04-28T20:15:13.698089,wheel,19005,149.9,95.0,54,10
2023-04-28T20:15:13.714690,crank,52853,179.6,94.5,54,10
2023-04-28T20:15:14.696865,wheel,19005,162.1,95.0,54,10
2023-04-28T20:15:14.963069,crank,52853,175.5,94.0,54,10
2023-04-28T20:15:15.445755,wheel,19005,165.3,95.0,54,10
2023-04-28T20:15:15.712242,crank,52853,192.7,92.9,54,10
2023-04-28T20:15:16.194981,wheel,19005,182.8,94.0,54,10
2023-04-28T20:15:16.960784,crank,52853,196.1,94.3,54,10
2023-04-28T20:15:17.693169,wheel,19005,168.2,94.0,54,10
2023-04-28T20:15:17.709759,crank,52853,189.0,93.3,54,10
2023-04-28T20:15:19.207980,crank,52853,197.4,93.8,54,10
2023-04-28T20:15:19.440993,wheel,19005,174.8,95.0,54,10
2023-04-28T20:15:19.956958,crank,52853,194.1,94.0,54,10
2023-04-28T20:15:20.190101,wheel,19005,156.4,95.0,54,10
2023-04-28T20:15:20.206713,crank,52853,186.6,93.3,54,10
2023-04-28T20:15:20.706104,crank,52853,183.7,94.2,54,10
2023-04-28T20:15:20.939143,wheel,19005,163.9,95.0,54,10
2023-04-28T20:15:21.455233,crank,52853,173.2,94.5,54,10
2023-04-28T20:15:21.688166,wheel,19005,160.3,93.0,54,10
2023-04-28T20:15:22.204278,crank,52853,169.7,93.1,54,10
2023-04-28T20:15:22.686968,wheel,19005,168.2,94.0,54,10
2023-04-28T20:15:22.953428,crank,52853,190.7,93.2,54,10
2023-04-28T20:15:23.186394,wheel,19005,151.3,94.0,54,10
2023-04-28T20:15:23.203078,crank,52853,195.7,94.3,54,10
2023-04-28T20:15:23.685672,wheel,19005,182.9,94.0,54,10
2023-04-28T20:15:23.952231,crank,52853,192.5,93.7,54,10
2023-04-28T20:15:24.185117,wheel,19005,183.7,94.0,54,10
2023-04-28T20:15:25.200729,crank,52853,219.3,93.5,54,10
2023-04-28T20:15:25.683274,wheel,19005,213.2,94.0,54,10
2023-04-28T20:15:25.949851,crank,52853,228.9,93.9,54,10
2023-04-28T20:15:26.698868,crank,52853,226.4,94.4,54,10
2023-04-28T20:15:27.181416,wheel,19005,198.9,95.0,54,10
2023-04-28T20:15:27.448011,crank,52853,224.1,94.6,54,10
2023-04-28T20:15:27.697735,crank,52853,209.5,94.3,54,10
2023-04-28T20:15:28.180166,wheel,19005,189.8,95.0,54,10
2023-04-28T20:15:28.446804,crank,52853,204.5,95.0,54,10
2023-04-28T20:15:28.929173,wheel,19005,196.1,95.0,54,10
2023-04-28T20:15:29.195817,crank,52853,215.4,94.0,54,10
2023-04-28T20:15:29.695253,crank,52853,210.9,94.1,54,10
2023-04-28T20:15:30.427405,wheel,19005,200.2,94.0,54,10
2023-04-28T20:15:31.176550,wheel,19005,194.2,94.0,54,10
2023-04-28T20:15:31.443129,crank,52853,210.4,94.7,54,10
2023-04-28T20:15:31.692802,crank,52853,214.5,93.7,54,10
2023-04-28T20:15:31.925529,wheel,19005,197.4,95.0,54,10
2023-04-28T20:15:32.175217,wheel,19005,203.5,95.0,54,10
2023-04-28T20:15:32.192146,crank,52853,214.7,95.0,54,10
2023-04-28T20:15:32.941279,crank,52853,221.4,94.2,54,10
2023-04-28T20:15:33.173941,wheel,19005,205.9,95.0,54,10
2023-04-28T20:15:33.673340,wheel,19005,184.0,95.0,54,10
2023-04-28T20:15:33.940061,crank,52853,226.8,95.0,54,10
2023-04-28T20:15:34.172667,wheel,19005,203.2,95.0,54,10
2023-04-28T20:15:34.439505,crank,52853,223.1,95.0,54,10
2023-04-28T20:15:34.672002,wheel,19005,192.2,95.0,54,10
2023-04-28T20:15:34.689147,crank,52853,218.7,94.7,54,10
2023-04-28T20:15:35.438103,crank,52853,213.2,95.1,54,10
2023-04-28T20:15:35.670843,wheel,19005,189.5,95.0,54,10
2023-04-28T20:15:35.937384,crank,52853,209.3,95.0,54,10
2023-04-28T20:15:36.170270,wheel,19005,201.7,95.0,54,10
2023-04-28T20:15:36.669614,wheel,19005,185.7,96.0,54,10
2023-04-28T20:15:36.936139,crank,52853,210.2,94.2,54,10
2023-04-28T20:15:37.418643,wheel,19005,182.7,96.0,54,10
2023-04-28T20:15:37.435483,crank,52853,199.3,94.7,54,10
2023-04-28T20:15:38.167765,wheel,19005,168.8,95.0,54,10
2023-04-28T20:15:38.184468,crank,52853,180.2,95.8,54,10
2023-04-28T20:15:38.667128,wheel,19005,200.7,95.0,54,10
2023-04-28T20:15:38.933451,crank,52853,192.8,93.8,54,10
2023-04-28T20:15:39.166507,wheel,19005,194.6,95.0,54,10
2023-04-28T20:15:39.665867,wheel,19005,180.3,95.0,54,10
2023-04-28T20:15:39.932136,crank,52853,211.7,94.5,54,10
2023-04-28T20:15:40.431424,crank,52853,202.8,94.6,54,10
2023-04-28T20:15:40.664627,wheel,19005,189.2,94.0,54,10
2023-04-28T20:15:41.164042,wheel,19005,197.6,94.0,54,10
2023-04-28T20:15:41.180507,crank,52853,209.7,94.8,54,10
2023-04-28T20:15:41.663434,wheel,19005,196.3,95.0,54,10
2023-04-28T20:15:41.929409,crank,52853,218.1,94.0,54,10
2023-04-28T20:15:42.162833,wheel,19005,193.1,95.0,54,10
2023-04-28T20:15:42.678498,crank,52853,210.1,95.0,54,10
2023-04-28T20:15:42.928189,crank,52853,198.4,94.3,54,10
2023-04-28T20:15:43.161567,wheel,19005,181.9,95.0,54,10
2023-04-28T20:15:43.660974,wheel,19005,193.9,95.0,54,10
2023-04-28T20:15:43.677223,crank,52853,199.2,94.7,54,10
2023-04-28T20:15:44.176515,crank,52853,204.3,94.5,54,10
2023-04-28T20:15:44.909188,wheel,19005,179.1,95.0,54,10
2023-04-28T20:15:44.925356,crank,52853,206.8,94.3,54,10
2023-04-28T20:15:45.658457,wheel,19005,189.5,94.0,54,10
2023-04-28T20:15:45.924130,crank,52853,197.5,94.3,54,10
2023-04-28T20:15:46.157838,wheel,19005,176.9,94.0,54,10
2023-04-28T20:15:46.173784,crank,52853,200.4,94.4,54,10
2023-04-28T20:15:46.657102,wheel,19005,201.5,95.0,54,10
2023-04-28T20:15:46.922821,crank,52853,212.5,94.4,54,10
2023-04-28T20:15:47.156579,wheel,19005,194.3,95.0,54,10
2023-04-28T20:15:47.671770,crank,52853,209.5,94.3,54,10
2023-04-28T20:15:48.155376,wheel,19005,186.5,95.0,54,10
2023-04-28T20:15:48.420775,crank,52853,210.0,94.1,54,10
2023-04-28T20:15:48.654759,wheel,19005,185.2,95.0,54,10
2023-04-28T20:15:48.920162,crank,52853,216.9,94.3,54,10
2023-04-28T20:15:49.154136,wheel,19005,158.3,95.0,54,10
2023-04-28T20:15:49.669202,crank,52853,205.2,94.0,54,10
2023-04-28T20:15:49.918822,crank,52853,186.7,95.2,54,10
2023-04-28T20:15:50.152763,wheel,19005,175.3,95.0,54,10
2023-04-28T20:15:50.667786,crank,52853,179.4,93.9,54,10
2023-04-28T20:15:51.151664,wheel,19005,168.2,94.0,54,10
2023-04-28T20:15:51.416750,crank,52853,183.0,94.3,54,10
2023-04-28T20:15:51.651011,wheel,19005,162.2,95.0,54,10
2023-04-28T20:15:51.916183,crank,52853,173.9,94.4,54,10
2023-04-28T20:15:52.150400,wheel,19005,160.0,95.0,54,10
2023-04-28T20:15:52.649755,wheel,19005,172.9,95.0,54,10
2023-04-28T20:15:52.665120,crank,52853,179.0,93.7,54,10
2023-04-28T20:15:53.414215,crank,52853,197.1,93.7,54,10
2023-04-28T20:15:53.898105,wheel,19005,185.8,95.0,54,10
2023-04-28T20:15:54.147930,wheel,19005,173.0,95.0,54,10
2023-04-28T20:15:54.163144,crank,52853,203.1,93.9,54,10
2023-04-28T20:15:54.412761,crank,52853,199.8,93.7,54,10
2023-04-28T20:15:54.647309,wheel,19005,188.6,95.0,54,10
2023-04-28T20:15:55.146694,wheel,19005,186.9,95.0,54,10
2023-04-28T20:15:55.161708,crank,52853,201.2,94.3,54,10
2023-04-28T20:15:55.910838,crank,52853,204.0,93.9,54,10
2023-04-28T20:15:56.395064,wheel,19005,189.2,94.0,54,10
2023-04-28T20:15:56.410129,crank,52853,204.3,94.0,54,10
2023-04-28T20:15:56.644814,wheel,19005,191.8,95.0,54,10
2023-04-28T20:15:57.144234,wheel,19005,185.4,95.0,54,10
2023-04-28T20:15:57.159115,crank,52853,207.2,93.7,54,10
2023-04-28T20:15:57.643547,wheel,19005,165.3,95.0,54,10
2023-04-28T20:15:57.908155,crank,52853,197.1,93.7,54,10
2023-04-28T20:15:58.642283,wheel,19005,153.3,95.0,54,10
2023-04-28T20:15:58.657092,crank,52853,172.3,94.5,54,10
2023-04-28T20:15:59.141615,wheel,19005,156.3,95.0,54,10
2023-04-28T20:15:59.406312,crank,52853,174.5,93.2,54,10
2023-04-28T20:15:59.641118,wheel,19005,159.3,94.0,54,10
2023-04-28T20:15:59.655688,crank,52853,180.7,94.1,54,10
2023-04-28T20:15:00.140381,wheel,19005,172.4,94.0,54,10
2023-04-28T20:15:00.155135,crank,52853,183.2,94.9,54,10
2023-04-28T20:15:00.904113,crank,52853,218.9,91.6,54,10
2023-04-28T20:15:01.139240,wheel,19005,211.7,93.0,54,10
2023-04-28T20:15:01.638546,wheel,19005,202.1,95.0,54,10
2023-04-28T20:15:01.902693,crank,52853,237.3,94.3,54,10
2023-04-28T20:15:02.137940,wheel,19005,211.8,95.0,54,10
2023-04-28T20:15:02.152413,crank,52853,212.3,94.3,54,10
2023-04-28T20:15:02.637346,wheel,19005,194.2,95.0,54,10
2023-04-28T20:15:03.400745,crank,52853,208.6,94.3,54,10
2023-04-28T20:15:03.636003,wheel,19005,186.0,95.0,54,10
2023-04-28T20:15:04.135544,wheel,19005,176.9,95.0,54,10
2023-04-28T20:15:04.149895,crank,52853,186.1,94.5,54,10
2023-04-28T20:15:04.634870,wheel,19005,171.6,95.0,54,10
2023-04-28T20:15:05.134267,wheel,19005,179.5,95.0,54,10
2023-04-28T20:15:05.148767,crank,52853,180.9,94.2,54,10
2023-04-28T20:15:05.648054,crank,52853,189.1,93.8,54,10
2023-04-28T20:15:05.897726,crank,52853,194.9,94.4,54,10
2023-04-28T20:15:06.133031,wheel,19005,181.4,94.0,54,10
2023-04-28T20:15:06.632448,wheel,19005,192.8,95.0,54,10
2023-04-28T20:15:07.131820,wheel,19005,190.9,95.0,54,10
2023-04-28T20:15:07.146240,crank,52853,198.1,94.1,54,10
2023-04-28T20:15:07.631206,wheel,19005,181.9,95.0,54,10
2023-04-28T20:15:07.895250,crank,52853,202.1,93.4,54,10
2023-04-28T20:15:08.629896,wheel,19005,213.3,95.0,54,10
2023-04-28T20:15:08.644392,crank,52853,231.9,94.7,54,10
2023-04-28T20:15:09.129379,wheel,19005,222.0,95.0,54,10
2023-04-28T20:15:09.393421,crank,52853,235.1,93.8,54,10
2023-04-28T20:15:09.628750,wheel,19005,197.6,95.0,54,10
2023-04-28T20:15:10.128072,wheel,19005,184.7,95.0,54,10
2023-04-28T20:15:10.142756,crank,52853,212.4,94.7,54,10
2023-04-28T20:15:10.891688,crank,52853,198.4,94.7,54,10
2023-04-28T20:15:11.126831,wheel,19005,174.3,94.0,54,10
2023-04-28T20:15:11.141387,crank,52853,195.0,94.5,54,10
2023-04-28T20:15:11.626260,wheel,19005,160.3,95.0,54,10
2023-04-28T20:15:11.640868,crank,52853,181.2,94.8,54,10
2023-04-28T20:15:12.125614,wheel,19005,178.2,95.0,54,10
2023-04-28T20:15:12.624704,wheel,19005,164.9,95.0,54,10
2023-04-28T20:15:12.639622,crank,52853,183.1,93.9,54,10
2023-04-28T20:15:13.388616,crank,52853,200.9,94.6,54,10
2023-04-28T20:15:13.623732,wheel,19005,180.0,95.0,54,10
2023-04-28T20:15:13.888063,crank,52853,201.2,93.9,54,10
2023-04-28T20:15:14.123113,wheel,19005,174.2,95.0,54,10
2023-04-28T20:15:14.137706,crank,52853,192.5,94.6,54,10
2023-04-28T20:15:14.622506,wheel,19005,190.5,95.0,54,10
2023-04-28T20:15:14.886805,crank,52853,190.4,94.0,54,10
2023-04-28T20:15:15.121811,wheel,19005,183.9,95.0,54,10
2023-04-28T20:15:15.635952,crank,52853,202.0,94.7,54,10
2023-04-28T20:15:16.135479,crank,52853,210.7,93.2,54,10
2023-04-28T20:15:16.620027,wheel,19005,196.0,95.0,54,10
2023-04-28T20:15:17.119416,wheel,19005,193.0,95.0,54,10
2023-04-28T20:15:17.383818,crank,52853,202.9,92.3,54,10
